0.01,-0.00614588,0.0952343,-0.000729998
0.02,-0.0109434,0.105541,-0.00130255
0.03,-0.0104513,0.108023,-0.00183443
0.04,-0.0233744,0.110479,-0.00236712
0.05,-0.0483479,0.108007,-0.00289947
0.06,-0.0870425,0.0969312,-0.00339505
0.07,-0.148043,0.0850104,-0.00388462
0.08,-0.262869,0.0817335,-0.00433061
0.09,-0.469352,0.0783748,-0.00487328
0.1,-0.828391,0.0963809,-0.0053504
0.11,-1.49098,0.110063,-0.00728072
0.12,-2.71612,0.106403,-0.0116074
0.13,-4.9457,0.106298,-0.0157633
0.14,-8.95808,0.0768444,-0.0287139
0.15,-16.033,0.0807707,-0.0172648
0.16,-27.6092,0.0753968,-0.0283788
0.17,-43.1782,0.0580487,-0.0441198
0.18,-57.0471,0.0231477,-0.0617119
0.19,-64.2458,0.0143184,-0.0545197
0.2,-67.0891,0.0187423,-0.033064
0.21,-68.2617,0.0176282,0.015434
0.22,-68.7413,0.0233337,0.157969
0.23,-68.9257,0.0168798,0.607476
0.24,-68.9968,0.0239112,2.14941
0.25,-69.0239,0.00273858,7.75275
0.26,-68.8217,-0.0559331,28.4549
0.27,-66.8253,-1.0501,77.9804
0.28,-56.9223,-1.78708,93.7758
0.29,-45.6454,-0.380783,93.9206
0.3,-38.3972,-0.108707,94.7676
0.31,-32.981,-0.0183956,95.2042
0.32,-28.7608,0.00200176,95.4232
0.33,-25.3434,0.0225449,95.5255
0.34,-22.5409,-0.00209371,95.5858
0.35,-20.15,-0.000979231,95.6077
0.36,-18.1029,9.27585e-05,95.6194
0.37,-16.3436,0.0085985,95.624
0.38,-14.8133,0.000204868,95.6295
0.39,-13.4668,-0.0183401,95.6331
0.4,-12.2407,-0.0119279,95.6302
0.41,-11.1533,-0.00035883,95.6289
0.42,-10.1955,-0.00133889,95.6306
0.43,-9.31811,-0.0187018,95.6333
0.44,-8.50973,-0.0151795,95.6309
0.45,-7.78283,-0.0374829,95.6337
0.46,-7.11551,-0.038381,95.6315
0.47,-6.52303,-0.0344614,95.6303
0.48,-5.98392,-0.0394085,95.6308
0.49,-5.48915,-0.0279712,95.6289
0.5,-5.04194,-0.0273671,95.6294
0.51,-4.62737,-0.0187749,95.6285
0.52,-4.24852,-0.00296245,95.6275
0.53,-3.91624,0.00971711,95.6275
0.54,-3.60824,0.0117755,95.6285
0.55,-3.32626,0.0150085,95.6286
0.56,-3.08059,0.0182396,95.6288
0.57,-2.86725,0.0212749,95.6291
0.58,-2.64656,0.0338775,95.6289
0.59,-2.44589,0.0375573,95.6296
0.6,-2.26698,0.0493022,95.6295
0.61,-2.1108,0.0536323,95.63
0.62,-1.96037,0.038618,95.6313
0.63,-1.80832,0.0408695,95.6309
0.64,-1.66976,0.0232041,95.6321
0.65,-1.53197,0.0114371,95.6322
0.66,-1.38801,0.00770507,95.632
0.67,-1.25955,0.0327592,95.6308
0.68,-1.15733,0.0448967,95.6311
0.69,-1.07539,0.0431069,95.6317
0.7,-1.00553,0.0455628,95.6318
0.71,-0.930039,0.0468574,95.632
0.72,-0.852655,0.0559961,95.6318
0.73,-0.774051,0.041638,95.6324
0.74,-0.685997,0.0451563,95.6319
0.75,-0.610804,0.0420073,95.6318
0.76,-0.551586,0.0247901,95.6321
0.77,-0.488198,0.0143527,95.6317
0.78,-0.421146,-0.00549744,95.6316
0.79,-0.344402,-0.00655946,95.6307
0.8,-0.262353,-0.0206646,95.6307
0.81,-0.186891,-0.0229605,95.6301
0.82,-0.13946,-0.0265491,95.6298
0.83,-0.087766,-0.00114695,95.6286
0.84,-0.0656627,-0.00613527,95.6285
0.85,-0.0326511,-0.00943584,95.628
0.86,0.0119139,-0.00421094,95.6274
0.87,0.0395053,-0.00123825,95.6269
0.88,0.0476064,-0.0116184,95.6267
0.89,0.0608886,-0.0171779,95.6263
0.9,0.0787109,-0.0233243,95.6259
0.91,0.102564,0.017624,95.6251
0.92,0.0935121,0.041309,95.6244
0.93,0.0742886,0.0510899,95.6239
0.94,0.0450989,0.0549912,95.6234
0.95,0.021607,0.0432181,95.623
0.96,0.0139926,0.0406873,95.6228
0.97,0.00675726,0.0478903,95.6227
0.98,-0.00615043,0.0613255,95.6225
0.99,-0.0375031,0.0376174,95.6218
1,-0.0565447,0.0287387,95.6216
1.01,-0.0624971,0.0180753,95.6212
1.02,-0.0487561,0.015813,95.6209
1.03,-0.0471389,0.00831336,95.6209
1.04,-0.0514623,0.00846921,95.6207
1.05,-0.0621969,0.00989573,95.6206
1.06,-0.0487826,0.00200033,95.6203
1.07,-0.00866185,-0.0137051,95.62
1.08,0.03522,-0.0119684,95.6192
1.09,0.0750263,0.0168102,95.6181
1.1,0.0888442,0.0224254,95.6181
1.11,0.0816932,0.0370645,95.6177
1.12,0.0748503,0.0280815,95.6175
1.13,0.0881234,0.0187685,95.6174
1.14,0.114468,0.00356587,95.6173
1.15,0.147621,-0.00198589,95.6171
1.16,0.173067,-0.0251731,95.6176
1.17,0.198344,-0.0367622,95.6175
1.18,0.218481,-0.0360145,95.6172
1.19,0.242093,-0.0349773,95.6171
1.2,0.268217,-0.0453973,95.6172
1.21,0.275112,-0.0489917,95.6172
1.22,0.265538,-0.0287163,95.617
1.23,0.240064,-0.021839,95.6167
1.24,0.190231,-0.00614134,95.6167
1.25,0.138115,-0.0141493,95.6158
1.26,0.100906,-0.00130507,95.6165
1.27,0.0782037,-0.00670433,95.6161
1.28,0.0545278,-0.0147399,95.616
1.29,0.0344162,-0.00355881,95.6164
1.3,0.00205934,-0.00773916,95.6161
1.31,-0.0204393,-0.00105277,95.6164
1.32,-0.0351436,-0.0108091,95.6163
1.33,-0.0300622,-0.0193133,95.6163
1.34,-0.019924,-0.0271433,95.6164
1.35,-0.00669316,-0.0024549,95.6163
1.36,-0.00792219,-0.00275549,95.6165
1.37,-0.00545253,-0.0101982,95.6167
1.38,0.0171993,0.037887,95.6166
1.39,0.000979932,0.0198552,95.6165
1.4,-0.00381184,0.00821009,95.6166
1.41,-0.00137929,-0.0131876,95.6167
1.42,0.00925973,-0.0315748,95.6166
1.43,0.0258763,-0.0211206,95.6162
1.44,0.0280862,-0.0193109,95.6163
1.45,0.0278336,-0.0109751,95.6163
1.46,0.0136241,-0.00711107,95.6162
1.47,-0.00963075,-0.00247556,95.6162
1.48,-0.0523214,0.00199046,95.6161
1.49,-0.0870685,0.0159299,95.6167
1.5,-0.0954225,0.0288841,95.6173
1.51,-0.120091,0.021776,95.6171
1.52,-0.131435,0.026286,95.6175
1.53,-0.143887,0.0243408,95.6176
1.54,-0.132646,0.00833532,95.6175
1.55,-0.108865,-0.00908605,95.6173
1.56,-0.06452,-0.0189742,95.6167
1.57,-0.0162449,-0.0189515,95.6159
1.58,0.0162332,-0.0240744,95.616
1.59,0.0669795,-0.0118859,95.6151
1.6,0.102703,-0.0184226,95.6157
1.61,0.128612,-0.0195885,95.6155
1.62,0.148599,0.00111238,95.6145
1.63,0.173097,0.00631552,95.6148
1.64,0.194726,0.0151065,95.6148
1.65,0.202697,0.0209193,95.6147
1.66,0.184927,0.00806073,95.6146
1.67,0.165128,-0.0101341,95.6145
1.68,0.153454,-0.0153795,95.6145
1.69,0.144361,-0.0101078,95.6145
1.7,0.129106,0.00465617,95.6145
1.71,0.105376,0.00731655,95.6141
1.72,0.0771101,0.00618646,95.6139
1.73,0.0509883,0.0287606,95.6147
1.74,0.00910271,0.0151801,95.6132
1.75,0.00355834,0.0173521,95.6134
1.76,0.000990199,0.00410099,95.6134
1.77,0.00194533,-0.00113542,95.6135
1.78,0.0196678,0.00500394,95.6136
1.79,0.0294457,0.0207656,95.6134
1.8,0.0455494,0.0159176,95.6139
1.81,0.0649329,0.00800223,95.6142
1.82,0.0736001,0.00676779,95.6142
1.83,0.0748042,-0.00309799,95.6145
1.84,0.0927123,-0.0107495,95.6145
1.85,0.102958,-0.0206748,95.6148
1.86,0.126066,-0.0175493,95.6146
1.87,0.145203,-0.0252663,95.6149
1.88,0.167717,-0.0167975,95.6145
1.89,0.175566,-0.00108943,95.6141
1.9,0.149856,-0.0174482,95.6139
1.91,0.12738,-0.0138676,95.6144
1.92,0.102222,-0.00556121,95.6147
1.93,0.080468,0.00772952,95.615
1.94,0.0586024,0.011331,95.6147
1.95,0.0311443,0.0195616,95.6149
1.96,0.00634631,0.049258,95.6158
1.97,-0.046995,0.0582213,95.6141
1.98,-0.114013,0.0599078,95.613
1.99,-0.170548,0.0424023,95.611
2,-0.226911,0.0454414,95.6125
2.01,-0.27717,0.0370753,95.6118
2.02,-0.3113,0.0354394,95.6121
2.03,-0.336566,0.0447775,95.6127
2.04,-0.367985,0.0345117,95.6118
2.05,-0.39352,0.0408031,95.6123
2.06,-0.41413,0.0221549,95.6114
2.07,-0.419659,0.0183364,95.6114
2.08,-0.426627,0.018502,95.6114
2.09,-0.429861,0.0227045,95.6114
2.1,-0.437535,0.05455,95.6115
2.11,-0.473721,0.0440032,95.6097
2.12,-0.512876,0.03352,95.6093
2.13,-0.531413,0.0270569,95.6091
2.14,-0.531272,0.0327242,95.6091
2.15,-0.545621,0.0255486,95.6087
2.16,-0.565388,0.013654,95.6084
2.17,-0.583745,-2.8846e-05,95.6079
2.18,-0.587428,0.0127657,95.6081
2.19,-0.592652,-0.000168002,95.6077
2.2,-0.574408,-0.000394236,95.6073
2.21,-0.544412,0.00317588,95.6068
2.22,-0.527016,-0.00262523,95.6068
2.23,-0.490149,0.00346524,95.6061
2.24,-0.470955,0.00783412,95.6057
2.25,-0.460686,-0.00281308,95.6058
2.26,-0.421753,-0.0217318,95.6052
2.27,-0.385172,-0.00382523,95.6027
2.28,-0.359146,-0.0213438,95.604
2.29,-0.317137,-0.038633,95.6036
2.3,-0.276829,-0.0212123,95.6008
2.31,-0.261225,-0.0165976,95.6005
2.32,-0.229781,-0.00155424,95.6
2.33,-0.216243,-0.0116172,95.6005
2.34,-0.209941,-0.0235154,95.6004
2.35,-0.193061,-0.0141513,95.5997
2.36,-0.178971,-0.021028,95.5998
2.37,-0.172458,-0.0126752,95.5991
2.38,-0.176275,-0.000630362,95.5986
2.39,-0.182753,-0.0031465,95.5983
2.4,-0.172177,-0.0095672,95.5981
2.41,-0.153459,-0.00957204,95.5977
2.42,-0.129685,-0.00714023,95.5974
2.43,-0.105189,-0.00108846,95.5971
2.44,-0.0752263,0.014968,95.5969
2.45,-0.0607999,0.0283909,95.5967
2.46,-0.0538372,0.0261144,95.5971
2.47,-0.0412499,0.0423167,95.597
2.48,-0.053205,0.0413563,95.5968
2.49,-0.0519233,0.0326247,95.5967
2.5,-0.0394419,0.0281469,95.5964
2.51,-0.0332701,0.0148472,95.5966
2.52,-0.0154073,0.0170758,95.5962
2.53,0.0184761,-0.00729919,95.5967
2.54,0.0643953,-0.0153988,95.5952
2.55,0.100368,-0.0348438,95.5961
2.56,0.147119,-0.0405387,95.5946
2.57,0.207186,-0.0436749,95.5938
2.58,0.281774,-0.0381403,95.5925
2.59,0.340032,-0.0314627,95.592
2.6,0.398985,-0.0441886,95.5942
2.61,0.459059,-0.049934,95.5935
2.62,0.5295,-0.0444542,95.5918
2.63,0.570584,-0.035753,95.5909
2.64,0.591455,-0.0334272,95.5912
2.65,0.596102,-0.0161035,95.5905
2.66,0.614791,-0.00538701,95.5911
2.67,0.621133,-0.0095434,95.5917
2.68,0.624831,0.0117306,95.5916
2.69,0.592802,0.0150759,95.5906
2.7,0.555711,0.0344815,95.5913
2.71,0.519862,0.0473205,95.5911
2.72,0.465495,0.0421883,95.5892
2.73,0.435767,0.0552437,95.5909
2.74,0.384744,0.049682,95.5894
2.75,0.343585,0.0332601,95.5882
2.76,0.310614,0.0305249,95.5892
2.77,0.267874,0.0110087,95.5884
2.78,0.23911,-0.00206828,95.5885
2.79,0.218368,-0.00222246,95.5892
2.8,0.193094,0.00950995,95.59
2.81,0.150706,0.0191906,95.5897
2.82,0.109948,0.0329951,95.5902
2.83,0.0617617,0.0322137,95.5888
2.84,0.0287137,0.0145771,95.5869
2.85,0.0386845,0.0305587,95.5881
2.86,0.0345538,0.00902221,95.5884
2.87,0.0547749,0.0149066,95.588
2.88,0.0678646,0.0249825,95.5878
2.89,0.0758696,0.0334635,95.5878
2.9,0.0786108,0.026723,95.588
2.91,0.072796,0.0131491,95.5883
2.92,0.0820628,0.0153977,95.5882
2.93,0.0769592,0.0167471,95.5883
2.94,0.0599018,0.017902,95.5883
2.95,0.0380855,0.0253574,95.5885
2.96,0.0199774,0.0125095,95.5876
2.97,0.0345743,0.0213227,95.5876
2.98,0.0289145,0.013993,95.5876
2.99,0.0350766,0.0125181,95.5874
3,0.0564395,0.0104013,95.5873
3.01,0.0687269,0.00999937,95.5873
3.02,0.0817549,-0.00325174,95.5877
3.03,0.109124,-0.0114639,95.5871
3.04,0.13713,-0.0231012,95.5871
3.05,0.170353,-0.0282072,95.5865
3.06,0.208244,-0.0255618,95.5856
3.07,0.240492,-0.020093,95.585
3.08,0.265154,-0.0272661,95.5857
3.09,0.304702,-0.0361259,95.5855
3.1,0.34732,-0.0447656,95.5852
3.11,0.38919,-0.0545293,95.585
3.12,0.41391,-0.0430188,95.5829
3.13,0.411785,-0.0529487,95.5833
3.14,0.432694,-0.0462925,95.5827
3.15,0.437336,-0.0194103,95.5816
3.16,0.411262,-0.0265073,95.58
3.17,0.390505,-0.0178772,95.5805
3.18,0.371179,-0.0216203,95.5799
3.19,0.362748,-0.0528055,95.5784
3.2,0.381692,-0.0398324,95.5775
3.21,0.376987,-0.03659,95.5774
3.22,0.35402,-0.0320752,95.5773
3.23,0.345101,-0.043785,95.5765
3.24,0.346844,-0.0557991,95.5761
3.25,0.343952,-0.0637607,95.5761
3.26,0.358668,-0.0480332,95.5756
3.27,0.363125,-0.0502372,95.5755
3.28,0.369324,-0.055271,95.5752
3.29,0.374591,-0.0459866,95.5747
3.3,0.374031,-0.0399298,95.5742
3.31,0.372099,-0.0347409,95.5737
3.32,0.385766,-0.0283426,95.5735
3.33,0.377529,-0.0173918,95.5727
3.34,0.36576,-0.0221521,95.5718
3.35,0.35525,-0.044024,95.5709
3.36,0.360252,-0.0253367,95.5709
3.37,0.33514,-0.00112928,95.5697
3.38,0.290076,0.00177274,95.5669
3.39,0.247319,0.00406302,95.5664
3.4,0.205699,0.00302491,95.5659
3.41,0.161285,0.00456138,95.5661
3.42,0.120752,0.012834,95.567
3.43,0.0750778,-0.0153506,95.5628
3.44,0.0612892,-0.0300465,95.5618
3.45,0.0603619,-0.0288694,95.5619
3.46,0.0549671,-0.0264569,95.562
3.47,0.0333432,-0.0226638,95.5621
3.48,0.0111968,-0.020219,95.5621
3.49,-0.0217164,-0.0150744,95.5622
3.5,-0.0467089,-0.0225918,95.5612
3.51,-0.0448121,-0.023679,95.5612
3.52,-0.0394787,-0.0108191,95.5613
3.53,-0.04884,-0.00757084,95.5611
3.54,-0.0700288,-0.00607001,95.561
3.55,-0.0904697,0.00282246,95.5614
3.56,-0.127257,0.00934477,95.5612
3.57,-0.137939,0.0168295,95.5618
3.58,-0.1451,0.0253508,95.5622
3.59,-0.16958,0.030513,95.5618
3.6,-0.206682,0.0203841,95.5608
3.61,-0.222865,0.00830299,95.5601
3.62,-0.213711,0.0417284,95.5617
3.63,-0.232628,0.0725992,95.5601
3.64,-0.26744,0.0561754,95.5564
3.65,-0.284814,0.0473834,95.5562
3.66,-0.300508,0.0467325,95.5567
3.67,-0.34044,0.0522305,95.5574
3.68,-0.397449,0.0182936,95.5534
3.69,-0.422304,-0.000933923,95.5526
3.7,-0.394195,-0.00216423,95.551
3.71,-0.376933,0.0158131,95.5501
3.72,-0.36836,0.023068,95.5504
3.73,-0.36925,0.0200816,95.5507
3.74,-0.359109,0.0267252,95.551
3.75,-0.361725,0.0251195,95.5514
3.76,-0.362525,0.014178,95.5516
3.77,-0.352011,0.0248617,95.5516
3.78,-0.346042,0.0304491,95.5518
3.79,-0.313095,0.0574376,95.5521
3.8,-0.316898,0.0442577,95.5531
3.81,-0.312654,0.0252283,95.5532
3.82,-0.313736,-0.00812432,95.5538
3.83,-0.282183,-0.00788272,95.5509
3.84,-0.282417,-0.0200175,95.552
3.85,-0.269096,-0.0139267,95.5515
3.86,-0.264831,-0.0038562,95.5513
3.87,-0.26571,0.00497277,95.5512
3.88,-0.264157,0.0130606,95.5513
3.89,-0.273335,-0.00536345,95.5513
3.9,-0.276442,-0.0143101,95.5513
3.91,-0.266848,0.00143668,95.5513
3.92,-0.259653,0.0155742,95.5512
3.93,-0.252712,0.0158616,95.5516
3.94,-0.248541,0.00577292,95.552
3.95,-0.241088,0.00901263,95.5519
3.96,-0.24764,0.0142684,95.5518
3.97,-0.245407,0.0276246,95.5521
3.98,-0.244346,0.0189928,95.5523
3.99,-0.220443,0.0280987,95.5518
4,-0.21868,0.0204323,95.5521
4.01,-0.203282,0.00234553,95.5518
4.02,-0.182002,0.0125706,95.55
4.03,-0.177934,0.00595785,95.5502
4.04,-0.170737,0.00505557,95.5498
4.05,-0.161652,-0.0160946,95.5501
4.06,-0.157176,-0.0133736,95.5496
4.07,-0.173197,-0.0150067,95.5495
4.08,-0.185876,-0.00746236,95.5497
4.09,-0.197681,0.0156035,95.5505
4.1,-0.22192,0.0220327,95.549
4.11,-0.2397,0.0381708,95.5497
4.12,-0.289201,0.0195942,95.5461
4.13,-0.325012,0.0108691,95.5464
4.14,-0.326883,0.0204458,95.5478
4.15,-0.33535,0.0341692,95.5479
4.16,-0.340098,0.0396977,95.5479
4.17,-0.34268,0.025706,95.5475
4.18,-0.340346,0.0126882,95.5473
4.19,-0.343818,0.0279005,95.5473
4.2,-0.348439,0.0404285,95.5471
4.21,-0.368974,0.0275661,95.546
4.22,-0.379521,0.0243796,95.546
4.23,-0.393301,0.0357379,95.5465
4.24,-0.412247,0.0212372,95.545
4.25,-0.416523,0.0083684,95.5442
4.26,-0.408675,-0.00344852,95.5432
4.27,-0.398477,-0.0195117,95.5427
4.28,-0.384267,-0.014084,95.5412
4.29,-0.379989,0.0171017,95.5394
4.3,-0.400759,0.0230691,95.5371
4.31,-0.417271,0.0134657,95.5358
4.32,-0.40948,0.00828479,95.5352
4.33,-0.387547,-0.0184517,95.5351
4.34,-0.358184,-0.0326804,95.5336
4.35,-0.337782,-0.0198093,95.5312
4.36,-0.340199,-0.0241088,95.5312
4.37,-0.345615,-0.0424664,95.5311
4.38,-0.341767,-0.0475617,95.5306
4.39,-0.323699,-0.0421221,95.53
4.4,-0.304895,-0.0433173,95.53
4.41,-0.285627,-0.0276978,95.5289
4.42,-0.289165,-0.0392076,95.5294
4.43,-0.272005,-0.0399653,95.529
4.44,-0.240019,-0.0648985,95.5302
4.45,-0.191627,-0.0808599,95.5283
4.46,-0.145197,-0.0914491,95.5273
4.47,-0.106151,-0.106885,95.5284
4.48,-0.0493324,-0.0963076,95.524
4.49,-0.0047466,-0.0966028,95.525
4.5,0.0485833,-0.0905307,95.5241
4.51,0.108783,-0.0645959,95.5201
4.52,0.149735,-0.062796,95.5229
4.53,0.192337,-0.0570158,95.5227
4.54,0.224577,-0.0620147,95.5242
4.55,0.246718,-0.0539932,95.5228
4.56,0.256252,-0.0315097,95.521
4.57,0.255743,-0.0224922,95.5206
4.58,0.248183,-0.027292,95.5205
4.59,0.240588,-0.0421551,95.5205
4.6,0.256092,-0.0369176,95.52
4.61,0.253018,-0.0495644,95.5207
4.62,0.258282,-0.0660966,95.5208
4.63,0.28241,-0.0678036,95.5196
4.64,0.304757,-0.0831842,95.5205
4.65,0.343462,-0.0918268,95.5193
4.66,0.384673,-0.087442,95.5172
4.67,0.414737,-0.0909512,95.5179
4.68,0.429563,-0.0891204,95.5175
4.69,0.430623,-0.0946249,95.518
4.7,0.427361,-0.0895214,95.518
4.71,0.42978,-0.0816724,95.5182
4.72,0.423224,-0.0542802,95.5178
4.73,0.394009,-0.0477763,95.5154
4.74,0.361295,-0.0404011,95.515
4.75,0.331119,-0.0575415,95.5121
4.76,0.321223,-0.0551535,95.5132
4.77,0.315605,-0.0446783,95.5139
4.78,0.317997,-0.0415639,95.5142
4.79,0.310127,-0.020637,95.514
4.8,0.309352,-0.0188797,95.514
4.81,0.321059,0.00222356,95.5143
4.82,0.324272,0.021954,95.5137
4.83,0.308732,0.0308334,95.5124
4.84,0.298218,0.0357333,95.5124
4.85,0.267161,0.00736087,95.5106
4.86,0.243851,0.0254023,95.5148
4.87,0.205368,0.0385359,95.5144
4.88,0.166942,0.0484368,95.5139
4.89,0.10643,0.0605709,95.5133
4.9,0.0393432,0.0239004,95.5018
4.91,0.025726,0.0362639,95.5071
4.92,0.00861388,0.00913035,95.5043
4.93,0.0138693,0.00132026,95.5035
4.94,0.00318147,0.0115922,95.5043
4.95,0.00486739,0.0242406,95.5053
4.96,0.0112103,0.0237627,95.506
4.97,0.0348453,0.0130799,95.5067
4.98,0.0671212,0.0205556,95.5053
4.99,0.0764671,0.00323655,95.5081
5,0.100078,0.0118779,95.5067
5.01,0.10919,0.0226107,95.5063
5.02,0.0875341,0.0410971,95.505
5.03,0.048845,0.0244268,95.5016
5.04,0.00908877,0.0366415,95.5056
5.05,-0.0397105,0.0336942,95.5037
5.06,-0.0842148,0.0267213,95.5029
5.07,-0.121487,0.0276315,95.5041
5.08,-0.16645,0.0216757,95.5035
5.09,-0.202649,-0.00597117,95.4993
5.1,-0.196867,-0.0146771,95.4975
5.11,-0.180191,-0.0117032,95.497
5.12,-0.169729,-0.0117005,95.4972
5.13,-0.154389,-0.0104954,95.4973
5.14,-0.132956,-0.00917419,95.4975
5.15,-0.130504,-0.0385904,95.5001
5.16,-0.0904124,-0.0359217,95.4957
5.17,-0.0575804,-0.0183656,95.4931
5.18,-0.0254806,-0.0155657,95.4947
5.19,-0.0169119,-0.0106495,95.4941
5.2,-0.0211119,-0.00395085,95.4936
5.21,-0.0119253,0.00264787,95.4938
5.22,0.00673442,0.00244769,95.4943
5.23,0.0468823,0.0381635,95.4917
5.24,0.0627251,0.0487392,95.4921
5.25,0.0456476,0.0593141,95.4902
5.26,-0.00179594,0.033899,95.4868
5.27,-0.0216276,0.02022,95.4862
5.28,-0.0326146,0.00758555,95.4857
5.29,-0.0328954,-0.0139351,95.4845
5.3,-0.022422,-0.00163836,95.4838
5.31,-0.0210553,-0.0232561,95.4847
5.32,-0.00526442,-0.0185383,95.4836
5.33,0.00263384,-0.00673397,95.483
5.34,0.0102858,-0.02008,95.484
5.35,0.0330017,-0.0128488,95.4828
5.36,0.0429118,0.000697304,95.4819
5.37,0.0374967,-0.00804089,95.4823
5.38,0.0269326,-0.00714568,95.4826
5.39,0.0268483,0.00508723,95.4831
5.4,0.0151,0.00866883,95.4826
5.41,0.00797129,0.0250955,95.4832
5.42,-0.0155406,0.0282257,95.4816
5.43,-0.0282223,0.0178528,95.4803
5.44,-0.0370535,0.00587857,95.4797
5.45,-0.0549252,0.00881629,95.4808
5.46,-0.0874327,-0.00384447,95.4797
5.47,-0.0999079,-0.0149748,95.4788
5.48,-0.102433,-0.0140877,95.4791
5.49,-0.100982,-0.00476908,95.4793
5.5,-0.116584,0.00547345,95.4788
5.51,-0.143145,0.0167005,95.4784
5.52,-0.164633,0.00994867,95.4765
5.53,-0.156667,-0.000948301,95.4752
5.54,-0.131011,-0.0055686,95.4742
5.55,-0.0944914,-0.0204636,95.4748
5.56,-0.0372674,-0.0471132,95.4755
5.57,0.0327341,-0.0242723,95.4621
5.58,0.0782565,-0.00754447,95.4598
5.59,0.117577,-0.0216681,95.4664
5.6,0.157835,-0.0191967,95.4643
5.61,0.195794,-0.0124763,95.4633
5.62,0.238695,-0.0569212,95.4725
5.63,0.305926,-0.0444666,95.4586
5.64,0.351719,-0.0298764,95.4558
5.65,0.366619,-0.0141098,95.4535
5.66,0.36916,-0.0101581,95.4536
5.67,0.374437,0.00446165,95.4534
5.68,0.375458,0.00201155,95.4536
5.69,0.380925,0.00507211,95.4535
5.7,0.375916,0.00886833,95.4533
5.71,0.343505,-0.00196231,95.4525
5.72,0.315919,0.00800392,95.4548
5.73,0.288801,0.00799843,95.4535
5.74,0.273622,-0.0068684,95.4513
5.75,0.287824,-0.0456361,95.4469
5.76,0.342551,-0.0486777,95.438
5.77,0.400024,-0.0457502,95.4357
5.78,0.455815,-0.0598195,95.4401
5.79,0.51145,-0.0129528,95.424
5.8,0.530978,-0.0317034,95.4334
5.81,0.569119,-0.0503877,95.4336
5.82,0.630667,-0.063286,95.4302
5.83,0.678928,-0.0871439,95.4334
5.84,0.719181,-0.092268,95.4301
5.85,0.751541,-0.0698365,95.4239
5.86,0.768401,-0.0649641,95.4245
5.87,0.78642,-0.0874543,95.4275
5.88,0.820989,-0.0629616,95.4224
5.89,0.831295,-0.0598728,95.4234
5.9,0.847976,-0.055361,95.4237
5.91,0.863362,-0.0444329,95.4233
5.92,0.881389,-0.0428102,95.424
5.93,0.885872,-0.0347261,95.4235
5.94,0.874107,-0.00698337,95.4223
5.95,0.835455,0.00480564,95.4184
5.96,0.794223,-0.0062705,95.4138
5.97,0.764707,-0.0331085,95.409
5.98,0.751292,-0.0609702,95.4061
5.99,0.764024,-0.0791432,95.4022
6,0.815263,-0.0899447,95.3969
6.01,0.866328,-0.079382,95.3908
6.02,0.915675,-0.14885,95.4105
6.03,1.02091,-0.142014,95.3764
6.04,1.12347,-0.129201,95.3689
6.05,1.16637,-0.122571,95.3689
6.06,1.20126,-0.123787,95.3708
6.07,1.25628,-0.150239,95.3763
6.08,1.32682,-0.203388,95.3829
6.09,1.41459,-0.168981,95.3508
6.1,1.44606,-0.182345,95.357
6.11,1.49995,-0.170464,95.3516
6.12,1.55682,-0.13539,95.3441
6.13,1.56525,-0.0982982,95.3347
6.14,1.54988,-0.0761705,95.3288
6.15,1.51022,-0.0599356,95.3248
6.16,1.44897,-0.0163699,95.3262
6.17,1.42152,-0.0580779,95.3079
6.18,1.53757,-0.229099,95.2549
6.19,1.7379,-0.172428,95.063
6.2,1.7388,0.0435425,94.8481
6.21,1.58438,0.0684191,94.6955
6.22,1.42455,0.0736677,94.6141
6.23,1.28534,0.0335306,94.535
6.24,1.27374,-0.0807828,94.414
6.25,1.30517,-0.150216,94.3009
6.26,1.25264,-0.119948,94.2111
6.27,1.0646,-0.057857,94.098
6.28,0.820952,-0.0864375,93.8507
6.29,0.773112,-0.113094,93.5022
6.3,0.976362,-0.0442261,92.989
6.31,1.22892,0.0838338,92.1294
6.32,1.35301,0.111282,90.4265
6.33,1.41703,0.152895,86.5602
6.34,1.48579,0.265431,78.4135
6.35,1.71328,0.371709,67.5749
6.36,2.23313,0.361806,58.8043
6.37,3.21738,0.318072,52.9149
6.38,4.88336,0.261435,48.7448
6.39,7.61093,0.203183,45.4419
6.4,11.9849,0.204322,42.318
6.41,18.7726,0.31496,38.6152
6.42,28.6604,0.666213,32.9029
6.43,41.0264,1.52827,21.8968
6.44,52.324,3.02601,-2.09233
6.45,57.7065,2.76978,-45.0164
6.46,56.7399,-0.190968,-79.5487
6.47,49.8118,-0.639497,-90.1502
6.48,42.1259,-0.146885,-92.6871
6.49,36.1908,0.00362889,-93.8462
6.5,31.5211,-0.0201272,-94.451
6.51,27.6435,-0.086748,-94.7585
6.52,24.3948,-0.12674,-94.906
6.53,21.6356,-0.0878052,-94.967
6.54,19.2778,0.0573826,-94.9828
6.55,17.3313,0.249238,-94.9889
6.56,15.7645,0.435509,-94.997
6.57,14.5374,0.561237,-95.0112
6.58,13.6022,0.597199,-95.0288
6.59,12.855,0.497505,-95.051
6.6,12.1069,0.393258,-95.0587
6.61,11.3494,0.333751,-95.0541
6.62,10.5307,0.286677,-95.0457
6.63,9.68257,0.270695,-95.0328
6.64,8.89344,0.331722,-95.0123
6.65,8.27171,0.461504,-94.9896
6.66,7.85867,0.63117,-94.9675
6.67,7.61227,0.78462,-94.9496
6.68,7.42709,0.908123,-94.9358
6.69,7.26966,0.974705,-94.925
6.7,7.15497,0.944901,-94.9157
6.71,7.07225,0.759844,-94.9077
6.72,6.95351,0.545296,-94.8946
6.73,6.74465,0.420568,-94.873
6.74,6.45722,0.366631,-94.8497
6.75,6.1694,0.440532,-94.8241
6.76,6.01863,0.622194,-94.7977
6.77,6.07489,0.876124,-94.7668
6.78,6.30787,1.12889,-94.7319
6.79,6.6797,1.28861,-94.689
6.8,7.12693,1.26195,-94.6349
6.81,7.46044,1.16045,-94.5932
6.82,7.64982,1.06226,-94.5627
6.83,7.76595,1.00416,-94.541
6.84,7.83533,0.962844,-94.5217
6.85,7.90915,0.884115,-94.504
6.86,7.89633,0.901808,-94.4894
6.87,7.9057,1.06235,-94.4778
6.88,8.08985,1.31636,-94.4587
6.89,8.50371,1.57107,-94.4223
6.9,9.12923,1.71452,-94.3596
6.91,9.80649,1.79069,-94.3055
6.92,10.3981,1.84984,-94.2707
6.93,10.9026,1.88803,-94.2408
6.94,11.3524,1.90279,-94.2119
6.95,11.8153,1.86965,-94.1776
6.96,12.3298,1.76343,-94.1366
6.97,12.8426,1.65032,-94.1085
6.98,13.3123,1.61727,-94.1051
6.99,13.6946,1.63689,-94.1038
7,14.0206,1.73226,-94.1103
7.01,14.374,1.88128,-94.1105
7.02,14.7527,2.0408,-94.1015
7.03,15.1665,2.11129,-94.0691
7.04,15.5794,2.10442,-94.0379
7.05,15.9982,2.0367,-94.0144
7.06,16.3884,1.89948,-93.9967
7.07,16.6706,1.75325,-93.9988
7.08,16.803,1.64506,-94.0196
7.09,16.8242,1.61845,-94.0555
7.1,16.7752,1.54632,-94.0927
7.11,16.5535,1.43902,-94.1393
7.12,16.1462,1.29959,-94.1925
7.13,15.5483,1.2301,-94.2298
7.14,14.9323,1.22036,-94.2607
7.15,14.4731,1.15927,-94.3143
7.16,14.0934,1.03655,-94.3771
7.17,13.657,0.791862,-94.4585
7.18,13.0269,0.507891,-94.5076
7.19,12.1544,0.215992,-94.5398
7.2,11.0596,-0.116675,-94.5893
7.21,9.69798,-0.444991,-94.593
7.22,8.11029,-0.798193,-94.6142
7.23,6.32526,-1.2217,-94.653
7.24,4.2863,-1.59474,-94.513
7.25,2.04049,-1.912,-94.3654
7.26,-0.394351,-2.22684,-94.2566
7.27,-2.96549,-2.62227,-94.2154
7.28,-5.73655,-3.03838,-94.032
7.29,-8.72838,-3.54593,-93.8976
7.3,-11.9464,-4.15008,-93.7191
7.31,-15.4508,-4.82939,-93.438
7.32,-19.2058,-5.56041,-93.0551
7.33,-23.1056,-6.21876,-92.4423
7.34,-27.0005,-6.67319,-91.5119
7.35,-30.7052,-6.90186,-90.2453
7.36,-34.0315,-7.06337,-88.6458
7.37,-36.94,-7.34303,-86.3959
7.38,-39.8175,-7.69253,-82.1484
7.39,-43.3234,-7.74637,-71.2997
7.4,-47.9647,-6.45533,-37.6129
7.41,-52.0054,-4.10424,21.3563
7.42,-55.6307,-5.86647,56.7821
7.43,-55.2324,-9.04942,71.995
7.44,-51.0521,-11.2598,77.4776
7.45,-45.5868,-12.7857,79.0448
7.46,-39.9121,-14.015,79.1418
7.47,-34.0338,-15.1764,78.5587
7.48,-27.602,-16.3834,77.4727
7.49,-20.0287,-17.6697,75.7789
7.5,-10.5141,-18.928,73.1777
7.51,1.99245,-19.8315,69.2699
7.52,18.1495,-19.6859,63.9614
7.53,36.2034,-17.9465,58.5253
7.54,51.0661,-15.6797,55.3808
7.55,59.4004,-14.5113,55.2545
7.56,62.9844,-14.4432,57.3811
7.57,64.2307,-15.0806,61.8493
7.58,64.1229,-16.2742,69.7292
7.59,62.4821,-18.1194,81.8827
7.6,58.9074,-20.3487,95.511
7.61,53.3991,-23.4065,104.745
7.62,47.9804,-26.1134,109.663
7.63,44.1035,-27.8591,112.633
7.64,41.6005,-29.0269,114.55
7.65,40.1831,-29.8372,115.741
7.66,39.4704,-30.4725,116.447
7.67,39.2025,-31.1793,116.802
7.68,39.4547,-32.1082,116.767
7.69,40.2697,-33.216,116.325
7.7,41.4066,-34.467,115.633
7.71,42.8145,-35.6302,114.727
7.72,44.263,-36.5703,113.809
7.73,45.5333,-37.2166,113.083
7.74,46.4755,-37.674,112.736
7.75,47.1225,-38.1894,112.826
7.76,47.5658,-38.7521,113.316
7.77,47.799,-39.6134,114.267
7.78,47.8134,-40.8215,115.657
7.79,47.6697,-42.3079,117.34
7.8,47.4448,-44.0975,119.087
7.81,47.1182,-46.047,120.791
7.82,46.6289,-48.026,122.464
7.83,46.1073,-49.8616,123.999
7.84,45.5598,-51.4003,125.441
7.85,44.9016,-52.7398,126.808
7.86,43.9904,-53.9286,128.142
7.87,42.8316,-55.0942,129.373
7.88,41.9938,-56.2791,130.084
7.89,42.0063,-57.4598,129.939
7.9,42.9819,-58.7384,128.88
7.91,44.9617,-60.005,126.883
7.92,47.4949,-61.0814,124.358
7.93,50.2873,-61.8879,121.565
7.94,53.2002,-62.2005,118.598
7.95,56.1813,-62.2199,115.572
7.96,59.1243,-62.101,112.619
7.97,61.9163,-61.9383,109.86
7.98,64.5331,-61.7904,107.355
7.99,67.0415,-61.8472,105.148
8,69.5262,-62.2479,103.32
8.01,71.8214,-63.2297,102.283
8.02,73.7336,-64.7683,102.509
8.03,74.7863,-67.0273,104.38
8.04,74.0941,-70.4906,107.531
8.05,71.2756,-75.046,110.746
8.06,65.5696,-79.2674,116.099
8.07,55.3179,-82.6911,126.096
8.08,34.4747,-85.3426,146.674
8.09,-7.52645,-86.4627,-171.506
8.1,-47.7418,-85.4291,-131.533
8.11,-67.5634,-83.4853,-111.99
8.12,-78.0673,-81.5055,-101.779
8.13,-84.5165,-79.7499,-95.5816
8.14,-88.5124,-78.2165,-91.7196
8.15,-90.8079,-76.8709,-89.4267
8.16,-91.8111,-75.642,-88.2997
8.17,-92.0536,-74.4503,-87.8702
8.18,-91.9302,-73.2224,-87.7982
8.19,-91.7191,-71.9853,-87.8351
8.2,-91.5699,-70.777,-87.8467
8.21,-91.7432,-69.7169,-87.6128
8.22,-92.3147,-68.9029,-87.0904
8.23,-93.2194,-68.3944,-86.3845
8.24,-93.9535,-68.1391,-85.9965
8.25,-94.3398,-68.1392,-86.194
8.26,-94.4319,-68.6138,-87.1316
8.27,-94.457,-69.8147,-88.7994
8.28,-94.686,-72.163,-90.778
8.29,-95.3321,-75.9758,-92.0115
8.3,-96.4487,-81.0139,-91.8433
8.31,-99.4778,-86.6419,-89.18
8.32,90.092,-87.4885,81.1568
8.33,86.9495,-81.6611,84.5698
8.34,86.8634,-76.3205,85.1752
8.35,86.911,-71.9517,85.875
8.36,86.5994,-68.8834,87.1768
8.37,85.8845,-67.2187,89.2723
8.38,84.6814,-66.9872,92.3871
8.39,82.5544,-68.121,96.8262
8.4,78.794,-70.4823,102.743
8.41,72.3567,-73.8456,110.394
8.42,61.4279,-77.6058,121.479
8.43,42.9518,-80.7893,139.562
8.44,16.233,-82.3573,165.722
8.45,-9.05798,-82.0693,-169.545
8.46,-24.112,-80.7601,-154.895
8.47,-30.7365,-79.1288,-148.399
8.48,-32.9739,-77.3032,-146.022
8.49,-33.795,-75.1682,-144.968
8.5,-34.4901,-72.9017,-144.193
8.51,-35.0172,-70.8176,-143.76
8.52,-34.9977,-69.2209,-143.974
8.53,-34.2982,-68.209,-144.898
8.54,-33.0498,-67.5831,-146.348
8.55,-31.4582,-67.0558,-148.083
8.56,-29.541,-66.3912,-150.072
8.57,-27.2639,-65.4916,-152.359
8.58,-24.9915,-64.3284,-154.612
8.59,-22.747,-63.0677,-156.801
8.6,-20.843,-61.928,-158.624
8.61,-19.5958,-60.9824,-159.824
8.62,-18.6513,-60.27,-160.742
8.63,-17.6488,-59.6863,-161.726
8.64,-16.4302,-58.9969,-162.931
8.65,-14.9405,-57.9459,-164.403
8.66,-13.4141,-56.5463,-165.888
8.67,-12.3031,-55.0052,-166.999
8.68,-11.5342,-53.585,-167.792
8.69,-10.8816,-52.4074,-168.445
8.7,-10.1506,-51.452,-169.139
8.71,-9.29288,-50.5064,-169.952
8.72,-8.30022,-49.3734,-170.891
8.73,-7.41596,-48.0121,-171.741
8.74,-6.67345,-46.5696,-172.453
8.75,-6.02845,-45.1496,-173.058
8.76,-5.3586,-43.7056,-173.659
8.77,-4.73834,-42.1589,-174.237
8.78,-4.41984,-40.6889,-174.619
8.79,-4.20519,-39.4856,-174.889
8.8,-3.9648,-38.4473,-175.163
8.81,-3.63109,-37.6502,-175.475
8.82,-3.35152,-37.073,-175.715
8.83,-3.28229,-36.5805,-175.782
8.84,-3.39263,-35.9509,-175.743
8.85,-3.54156,-35.0564,-175.722
8.86,-3.69219,-33.8731,-175.713
8.87,-3.74938,-32.5219,-175.768
8.88,-3.68008,-31.1243,-175.89
8.89,-3.39343,-29.8484,-176.106
8.9,-2.96092,-28.6645,-176.398
8.91,-2.75343,-27.6284,-176.564
8.92,-2.83895,-26.6404,-176.562
8.93,-3.0191,-25.5856,-176.515
8.94,-3.11071,-24.4079,-176.53
8.95,-3.08934,-23.1019,-176.611
8.96,-2.98738,-21.84,-176.731
8.97,-2.78548,-20.6521,-176.871
8.98,-2.51391,-19.5167,-177.032
8.99,-2.23339,-18.2622,-177.202
9,-1.9404,-16.9041,-177.339
9.01,-1.81909,-15.5448,-177.457
9.02,-1.81801,-14.3841,-177.488
9.03,-1.82235,-13.4646,-177.503
9.04,-1.8174,-12.7211,-177.537
9.05,-1.82398,-12.1618,-177.576
9.06,-1.77481,-11.6267,-177.635
9.07,-1.62809,-10.8845,-177.724
9.08,-1.43073,-9.92052,-177.813
9.09,-1.23964,-8.87898,-177.88
9.1,-1.16067,-7.81824,-177.937
9.11,-1.09714,-6.7484,-177.973
9.12,-1.06118,-5.63668,-178.013
9.13,-1.12168,-4.60946,-178.059
9.14,-1.13189,-3.81777,-178.103
9.15,-1.07532,-3.21445,-178.154
9.16,-0.992463,-2.58628,-178.202
9.17,-0.873488,-1.87898,-178.257
9.18,-0.75777,-1.01322,-178.305
9.19,-0.732485,-0.0493426,-178.336
9.2,-0.663836,1.01131,-178.372
9.21,-0.592496,2.30903,-178.416
9.22,-0.547341,3.74925,-178.468
9.23,-0.584665,4.81109,-178.532
9.24,-0.64777,5.4302,-178.607
9.25,-0.717621,5.88227,-178.671
9.26,-0.636433,6.46849,-178.8
9.27,-0.519359,7.53144,-178.82
9.28,-0.447478,9.0373,-178.838
9.29,-0.462709,10.6728,-178.882
9.3,-0.556343,12.3752,-178.96
9.31,-0.70761,14.1118,-179.065
9.32,-0.781007,15.635,-179.155
9.33,-0.774278,16.9235,-179.228
9.34,-0.60171,17.7786,-179.257
9.35,-0.287171,18.4991,-179.223
9.36,-0.0167935,19.3126,-179.115
9.37,0.150514,20.5371,-179.148
9.38,0.139196,22.1664,-179.183
9.39,0.0652085,23.9465,-179.295
9.4,-0.0386467,25.5907,-179.411
9.41,-0.0257965,27.1334,-179.439
9.42,0.15285,28.6177,-179.379
9.43,0.428832,29.958,-179.269
9.44,0.705467,30.9829,-179.124
9.45,1.00511,31.9355,-179.064
9.46,1.12032,33.018,-178.939
9.47,1.1722,34.351,-179.164
9.48,0.985802,35.8483,-179.08
9.49,0.988249,37.3626,-179.427
9.5,0.840214,38.7949,-179.266
9.51,1.06733,40.0591,-179.369
9.52,1.04442,41.2555,-179.039
9.53,1.33849,42.4323,-179.614
9.54,0.882681,43.6436,-177.922
9.55,2.39169,44.9217,176.807
9.56,-2.46126,46.8191,-167.809
9.57,12.4001,49.8006,-178.051
9.58,-0.924443,51.745,-175.037
9.59,6.07411,52.0639,-177.516
9.6,0.937116,53.282,-176.805
9.61,3.49166,54.6483,-177.286
9.62,1.75223,56.3692,-177.245
9.63,2.31139,58.2306,-177.485
9.64,1.50809,60.2052,-177.685
9.65,1.85115,62.2319,-177.621
9.66,1.69994,64.2972,-177.423
9.67,1.9569,66.2975,-177.332
9.68,1.69814,68.2324,-177.272
9.69,2.2745,70.2154,-176.891
9.7,2.77925,72.4535,-176.09
9.71,4.61531,75.0027,-174.495
9.72,6.12443,77.76,-172.766
9.73,8.80034,80.5155,-170.32
9.74,10.6162,83.1946,-168.362
9.75,15.0092,85.5913,-164.123
9.76,24.3883,87.5826,-154.563
9.77,62.5152,88.6853,-116.547
9.78,115.8,88.479,-63.0623
9.79,136.757,87.4878,-42.2803
9.8,148.118,86.41,-30.6724
9.81,152.933,85.0208,-26.1076
9.82,158.181,83.5458,-20.6054
9.83,160.816,82.0155,-18.1968
9.84,164.108,80.7954,-14.7743
9.85,166.349,79.9212,-12.6706
9.86,168.861,79.3835,-10.1102
9.87,170.985,78.9926,-8.07496
9.88,173.144,78.6586,-5.90347
9.89,174.904,78.3433,-4.22102
9.9,176.611,78.0032,-2.52119
9.91,177.915,77.5914,-1.27142
9.92,179.305,77.1683,0.0845115
9.93,-178.854,76.8046,1.83122
9.94,-176.101,76.588,4.46351
9.95,-171.81,76.7183,8.50253
9.96,-164.906,77.27,15.0724
9.97,-154.697,77.9341,24.9984
9.98,-142.17,78.144,37.463
9.99,-130.047,77.6766,49.5625
10,-120.423,76.609,59.2368
10.01,-109.677,75.6648,68.9217
10.02,-99.2866,73.7131,79.7411
10.03,-90.867,72.0346,87.2359
10.04,-84.4658,69.7047,94.224
10.05,-79.0822,68.1041,98.6839
10.06,-75.3424,66.1049,103.16
10.07,-71.6556,65.0122,106.033
10.08,-69.0715,63.6322,109.464
10.09,-66.0388,63.1644,111.733
10.1,-63.9754,62.4159,114.972
10.11,-61.2035,62.7428,116.594
10.12,-59.389,62.276,120.74
10.13,-55.1263,63.2545,121.188
10.14,-54.2008,61.7743,129.091
10.15,-45.0902,65.1557,124.328
10.16,-51.1257,60.1812,127.546
10.17,-43.8251,60.9198,128.4
10.18,-43.897,58.3358,132.442
10.19,-38.9893,58.4316,134.528
10.2,-37.8033,57.1201,138.259
10.21,-33.6071,56.7898,140.378
10.22,-31.8607,55.3062,144.778
10.23,-26.6545,54.7866,146.699
10.24,-24.9911,52.6927,152.452
10.25,-18.0993,51.3954,153.335
10.26,-17.8143,47.9036,160.735
10.27,-9.95261,46.3447,157.593
10.28,-13.3095,43.3569,164.167
10.29,-7.24104,42.2848,160.84
10.3,-10.2121,40.7908,164.112
10.31,-7.68115,40.3951,163.387
10.32,-8.16017,39.2517,164.957
10.33,-6.69499,37.3484,165.44
10.34,-5.65277,34.3926,167.151
10.35,-3.8202,31.0435,168.048
10.36,-2.65058,27.9891,169.142
10.37,-1.72949,25.9163,169.542
10.38,-1.23344,24.3005,169.949
10.39,-1.07033,22.8857,170.166
10.4,-0.944239,21.5115,170.367
10.41,-0.800469,20.1928,170.589
10.42,-0.687621,18.8887,170.795
10.43,-0.603311,17.3796,170.991
10.44,-0.479941,15.7027,171.18
10.45,-0.351702,14.1257,171.338
10.46,-0.176985,12.8706,171.469
10.47,-0.0251896,11.9103,171.573
10.48,0.0674664,10.9841,171.668
10.49,0.0840673,9.91742,171.746
10.5,0.121522,8.83046,171.814
10.51,0.225227,7.92883,171.872
10.52,0.383065,7.12754,171.933
10.53,0.459033,6.32174,171.975
10.54,0.553942,5.62769,172.007
10.55,0.644554,5.02952,172.033
10.56,0.673771,4.51208,172.044
10.57,0.634199,4.11314,172.042
10.58,0.562667,3.68872,172.045
10.59,0.510502,3.24148,172.053
10.6,0.385757,2.77845,172.05
10.61,0.312217,2.1799,172.056
10.62,0.290727,1.58281,172.055
10.63,0.209562,1.09039,172.049
10.64,-0.00741609,0.668885,172.046
10.65,-0.33269,0.28007,172.044
10.66,-0.648362,-0.142858,172.039
10.67,-1.03061,-0.465237,172.036
10.68,-1.41587,-0.755151,172.029
10.69,-1.89654,-1.06113,172.026
10.7,-2.3959,-1.42175,172.018
10.71,-2.89755,-1.66156,172.005
10.72,-3.4415,-1.70021,171.986
10.73,-4.04548,-1.58387,171.963
10.74,-4.78622,-1.45977,171.932
10.75,-5.67615,-1.37975,171.895
10.76,-6.55479,-1.30697,171.876
10.77,-7.28678,-1.22245,171.867
10.78,-7.95598,-1.13815,171.837
10.79,-8.60723,-1.04649,171.791
10.8,-9.39075,-1.04148,171.737
10.81,-10.2786,-1.13679,171.684
10.82,-11.3061,-1.30746,171.633
10.83,-12.3453,-1.36881,171.581
10.84,-13.3011,-1.32019,171.53
10.85,-14.1997,-1.21435,171.48
10.86,-15.1549,-1.05189,171.418
10.87,-16.2069,-0.897062,171.349
10.88,-17.3047,-0.766935,171.278
10.89,-18.5813,-0.885242,171.181
10.9,-19.79,-1.02393,171.101
10.91,-20.8905,-1.13741,171.025
10.92,-21.9106,-1.19356,170.952
10.93,-22.8196,-1.1938,170.879
10.94,-23.6697,-1.07432,170.796
10.95,-24.6628,-0.945346,170.703
10.96,-25.6922,-0.958372,170.632
10.97,-26.771,-1.07752,170.555
10.98,-27.8457,-1.18232,170.469
10.99,-28.9362,-1.24915,170.377
11,-30.0954,-1.37291,170.286
11.01,-31.3437,-1.68183,170.196
11.02,-32.3591,-2.04967,170.038
11.03,-33.2461,-2.17364,169.873
11.04,-34.3552,-2.13877,169.769
11.05,-35.6831,-1.9975,169.679
11.06,-37.0812,-1.75021,169.615
11.07,-38.3357,-1.62899,169.557
11.08,-39.4124,-1.56746,169.491
11.09,-40.5658,-1.47807,169.382
11.1,-41.805,-1.54744,169.278
11.11,-43.1286,-1.83384,169.162
11.12,-44.4562,-2.18765,169.032
11.13,-45.7497,-2.48784,168.928
11.14,-46.9495,-2.58364,168.851
11.15,-48.0255,-2.39838,168.797
11.16,-49.1267,-2.12532,168.754
11.17,-50.3495,-1.9141,168.696
11.18,-51.7836,-1.85984,168.601
11.19,-53.3419,-2.03734,168.479
11.2,-54.9034,-2.37981,168.337
11.21,-56.3505,-2.88666,168.193
11.22,-57.6948,-3.41902,168.115
11.23,-58.8752,-3.6359,168.059
11.24,-59.8538,-3.65308,168.077
11.25,-60.7715,-3.65596,168.039
11.26,-61.8199,-3.67271,168.068
11.27,-63.029,-3.78876,168.027
11.28,-64.3299,-3.93139,168.077
11.29,-65.4834,-4.165,167.983
11.3,-66.4274,-4.45015,168.155
11.31,-67.4783,-4.7179,167.719
11.32,-68.6703,-4.81268,169.068
11.33,-69.7271,-4.86623,165.174
11.34,-70.772,-4.75143,175.387
11.35,-71.5336,-4.62582,152.537
11.36,-73.2644,-4.34187,151.957
11.37,-74.5389,-4.43455,151.664
11.38,-75.4864,-4.72466,151.5
11.39,-76.4614,-5.03087,151.435
11.4,-77.593,-5.27359,151.439
11.41,-78.652,-5.4605,151.453
11.42,-79.5384,-5.40901,151.452
11.43,-80.1946,-5.17975,151.403
11.44,-80.6008,-4.90535,151.29
11.45,-80.8918,-4.64378,151.106
11.46,-81.1953,-4.43314,150.827
11.47,-81.5838,-4.30509,150.378
11.48,-82.2438,-4.2077,149.538
11.49,-83.258,-4.03079,147.733
11.5,-84.3964,-3.75756,143.379
11.51,-85.3402,-3.54897,131.151
11.52,-86.2392,-3.2053,92.9569
11.53,-87.5363,-2.40747,28.4932
11.54,-88.4154,-1.24421,-21.3033
11.55,-88.6335,-1.22298,-54.606
11.56,-88.6558,-1.41737,-78.8602
11.57,-88.6718,-1.78974,-97.7248
11.58,-88.7494,-2.19356,-112.418
11.59,-88.794,-2.60657,-123.346
11.6,-88.7833,-2.95492,-131.016
11.61,-88.7299,-3.19083,-136.206
11.62,-88.6434,-3.35723,-139.695
11.63,-88.555,-3.54126,-142.088
11.64,-88.4836,-3.81147,-143.786
11.65,-88.4181,-4.09591,-145.048
11.66,-88.3185,-4.24385,-146.033
11.67,-88.1426,-4.28848,-146.843
11.68,-87.9204,-4.27645,-147.538
11.69,-87.6385,-4.23334,-148.162
11.7,-87.2832,-4.13054,-148.745
11.71,-86.9129,-4.09307,-149.312
11.72,-86.5369,-4.15962,-149.892
11.73,-86.1484,-4.38985,-150.51
11.74,-85.6862,-4.61766,-151.173
11.75,-85.0654,-4.68751,-151.884
11.76,-84.3017,-4.62784,-152.638
11.77,-83.5367,-4.5475,-153.432
11.78,-82.7671,-4.54503,-154.277
11.79,-82.0181,-4.59875,-155.164
11.8,-81.2584,-4.71438,-156.072
11.81,-80.4678,-4.82848,-156.951
11.82,-79.6357,-4.8742,-157.754
11.83,-78.7929,-4.97154,-158.46
11.84,-77.9024,-5.12381,-159.041
11.85,-76.9085,-5.30525,-159.474
11.86,-75.7621,-5.42072,-159.76
11.87,-74.5351,-5.41452,-159.93
11.88,-73.3882,-5.34731,-160.013
11.89,-72.3405,-5.20774,-160.037
11.9,-71.3194,-5.13054,-160.032
11.91,-70.2478,-5.05236,-160.001
11.92,-69.0372,-4.96797,-159.96
11.93,-67.6041,-4.85108,-159.924
11.94,-65.9568,-4.67188,-159.897
11.95,-64.2657,-4.51486,-159.866
11.96,-62.6324,-4.35538,-159.83
11.97,-61.0705,-4.38023,-159.768
11.98,-59.6913,-4.40227,-159.712
11.99,-58.3516,-4.31064,-159.644
12,-56.9806,-4.15299,-159.557
12.01,-55.5317,-3.97695,-159.471
12.02,-53.8718,-4.05783,-159.391
12.03,-52.1147,-4.19048,-159.375
12.04,-50.559,-4.09348,-159.367
12.05,-49.168,-3.94277,-159.301
12.06,-47.9541,-3.75407,-159.244
12.07,-46.9661,-3.37591,-159.177
12.08,-46.153,-3.01558,-159.097
12.09,-45.237,-2.80804,-159.034
12.1,-44.2245,-2.53217,-158.962
12.11,-43.1131,-2.22355,-158.879
12.12,-41.8067,-2.12693,-158.792
12.13,-40.3064,-2.11154,-158.716
12.14,-38.8094,-2.23543,-158.626
12.15,-37.4618,-2.4675,-158.535
12.16,-36.4266,-2.39407,-158.474
12.17,-35.4478,-2.12196,-158.384
12.18,-34.39,-2.04247,-158.288
12.19,-33.4277,-2.20734,-158.222
12.2,-32.5854,-2.33849,-158.164
12.21,-31.6773,-2.36296,-158.11
12.22,-30.6754,-2.29866,-158.054
12.23,-29.6728,-2.13031,-158.003
12.24,-28.7508,-1.76737,-157.967
12.25,-27.8425,-1.29918,-157.915
12.26,-26.8818,-0.966717,-157.834
12.27,-25.8809,-0.912937,-157.745
12.28,-24.9471,-0.992721,-157.691
12.29,-24.0951,-1.124,-157.653
12.3,-23.343,-1.25319,-157.616
12.31,-22.6706,-1.37543,-157.576
12.32,-22.0201,-1.42689,-157.534
12.33,-21.3189,-1.41782,-157.495
12.34,-20.6182,-1.287,-157.459
12.35,-20.0449,-1.0786,-157.429
12.36,-19.4695,-0.961184,-157.389
12.37,-18.8898,-0.903647,-157.343
12.38,-18.2445,-0.924933,-157.29
12.39,-17.5335,-1.06941,-157.231
12.4,-16.8956,-1.2656,-157.155
12.41,-16.2994,-1.51359,-157.069
12.42,-15.6656,-1.69124,-156.989
12.43,-14.9617,-1.73201,-156.914
12.44,-14.2275,-1.61145,-156.847
12.45,-13.1842,-1.42902,-156.773
12.46,-12.1019,-1.26588,-156.697
12.47,-11.0569,-1.1191,-156.62
12.48,-10.0491,-0.987494,-156.539
12.49,-9.08722,-0.872281,-156.452
12.5,-8.23354,-0.798437,-156.363
12.51,-7.52022,-0.753758,-156.27
12.52,-6.86045,-0.677813,-156.165
12.53,-6.13516,-0.697472,-156.071
12.54,-5.33653,-0.845333,-155.985
12.55,-4.42622,-1.01278,-155.894
12.56,-3.50863,-1.15453,-155.787
12.57,-2.63937,-1.27502,-155.666
12.58,-1.76489,-1.36797,-155.544
12.59,-0.765116,-1.51986,-155.447
12.6,0.191406,-1.66168,-155.328
12.61,1.09209,-1.81537,-155.201
12.62,1.95647,-1.91042,-155.055
12.63,2.94857,-1.91246,-154.907
12.64,4.15451,-2.01711,-154.788
12.65,5.4421,-2.24662,-154.663
12.66,6.76568,-2.43367,-154.538
12.67,8.09479,-2.47701,-154.417
12.68,9.39752,-2.53618,-154.282
12.69,10.6781,-2.55709,-154.149
12.7,11.9694,-2.52057,-154.021
12.71,13.1779,-2.6629,-153.888
12.72,14.354,-2.83422,-153.746
12.73,15.7032,-2.99285,-153.64
12.74,17.2763,-2.95588,-153.564
12.75,18.8989,-2.80422,-153.494
12.76,20.4517,-2.5621,-153.434
12.77,22.0251,-2.38352,-153.31
12.78,23.3973,-2.2214,-153.241
12.79,24.5404,-2.09513,-153.153
12.8,25.7809,-2.01318,-153.009
12.81,27.034,-1.9549,-152.903
12.82,28.4229,-1.93382,-152.785
12.83,30.0603,-2.03921,-152.672
12.84,31.9635,-2.38086,-152.523
12.85,33.8748,-2.67562,-152.462
12.86,35.5468,-2.75152,-152.48
12.87,36.9076,-2.61532,-152.486
12.88,38.0673,-2.48641,-152.452
12.89,38.9427,-2.64944,-152.434
12.9,39.671,-2.72174,-152.225
12.91,40.7632,-2.64897,-152.097
12.92,42.5156,-2.70357,-152.059
12.93,44.6762,-2.62419,-152.089
12.94,46.8788,-2.62688,-152.072
12.95,48.6542,-2.64107,-152.114
12.96,49.8035,-2.69095,-152.067
12.97,50.5797,-2.93268,-152.063
12.98,51.1444,-3.49605,-152.096
12.99,51.6517,-3.87836,-151.771
13,52.8015,-3.8171,-151.681
13.01,54.7342,-3.9485,-151.868
13.02,56.8757,-3.66257,-152.164
13.03,58.9171,-3.37086,-152.315
13.04,60.7488,-3.44703,-152.167
13.05,62.2391,-3.61909,-152.234
13.06,63.3287,-3.70154,-152.218
13.07,64.3474,-3.84078,-152.263
13.08,65.4207,-3.86352,-152.265
13.09,66.7878,-3.84522,-152.268
13.1,68.5061,-3.98478,-152.278
13.11,70.6416,-4.66161,-152.118
13.12,72.7948,-5.07974,-152.13
13.13,74.4689,-5.1345,-152.429
13.14,75.7478,-5.1605,-152.527
13.15,76.4796,-5.29248,-152.511
13.16,76.4578,-5.18404,-152.312
13.17,76.0445,-4.3635,-151.208
13.18,76.1223,-3.26086,-148.07
13.19,77.5693,-2.98041,-134.597
13.2,80.084,-3.5185,-79.9237
13.21,83.445,-2.97146,-18.9929
13.22,86.2433,-1.68197,23.8799
13.23,87.6225,-1.57846,54.1004
13.24,88.029,-1.74992,77.5566
13.25,87.9137,-1.9761,96.5396
13.26,87.4757,-1.99034,111.436
13.27,87.0477,-1.8145,122.385
13.28,87.0648,-1.95475,130.036
13.29,87.7359,-2.18033,135.211
13.3,88.7402,-2.2649,138.579
13.31,89.6883,-2.46245,140.697
13.32,90.3944,-2.68707,142.031
13.33,90.8367,-2.76467,142.889
13.34,90.9891,-2.7482,143.467
13.35,90.8661,-2.57807,143.895
13.36,90.7502,-2.28436,144.247
13.37,90.9938,-2.01033,144.547
13.38,91.6159,-1.93573,144.809
13.39,92.3921,-2.01232,145.049
13.4,93.0995,-2.13439,145.277
13.41,93.6016,-2.31964,145.504
13.42,93.5553,-2.4169,145.754
13.43,93.2933,-2.51616,146.01
13.44,92.8798,-2.6131,146.282
13.45,92.4948,-2.64704,146.574
13.46,92.3244,-2.65434,146.884
13.47,92.3187,-2.59075,147.226
13.48,92.3676,-2.5687,147.617
13.49,92.3476,-2.60444,148.076
13.5,92.1781,-2.63653,148.612
13.51,91.6967,-2.68634,149.248
13.52,90.9645,-2.82958,150.004
13.53,90.1303,-3.03566,150.885
13.54,89.3259,-3.11345,151.916
13.55,88.7114,-3.01164,153.123
13.56,88.2453,-2.85579,154.463
13.57,87.7772,-2.71178,155.809
13.58,87.0801,-2.60431,157.011
13.59,86.122,-2.50108,157.95
13.6,84.8985,-2.44945,158.639
13.61,83.4381,-2.35477,159.129
13.62,81.9723,-1.99967,159.506
13.63,80.9288,-1.53896,159.832
13.64,80.4424,-1.40709,160.111
13.65,80.1591,-1.40296,160.332
13.66,79.5563,-1.41123,160.487
13.67,78.4216,-1.48608,160.618
13.68,76.7823,-1.67567,160.737
13.69,74.648,-1.71144,160.872
13.7,72.3666,-1.09366,161.142
13.71,70.6401,-0.404338,161.352
13.72,69.7722,-0.150912,161.478
13.73,69.3848,-0.212731,161.596
13.74,68.9162,-0.379449,161.683
13.75,68.0402,-0.693636,161.765
13.76,66.6825,-1.15367,161.807
13.77,64.7755,-1.57391,161.824
13.78,62.4032,-1.6365,161.867
13.79,59.8643,-0.491464,162.191
13.8,57.794,0.908593,162.101
13.81,56.4156,1.48428,161.893
13.82,55.5021,1.37875,161.875
13.83,54.7207,0.997108,161.869
13.84,53.9546,0.709605,161.701
13.85,53.0399,0.375542,161.507
13.86,51.5217,-0.237249,161.408
13.87,49.2143,-0.209019,161.263
13.88,46.5898,0.349664,161.002
13.89,44.1791,1.1498,160.745
13.9,42.111,1.92888,160.381
13.91,40.4776,2.44774,160.046
13.92,39.1475,2.77641,159.782
13.93,37.8115,2.92395,159.444
13.94,36.2598,2.90953,159.116
13.95,34.578,2.79875,158.73
13.96,32.8333,2.91444,158.409
13.97,30.8264,3.28901,157.957
13.98,29.5761,3.41413,157.547
13.99,28.6673,3.48102,157.307
14,27.8355,3.52812,156.987
14.01,27.0172,3.5724,156.708
14.02,26.24,3.61265,156.407
14.03,25.4078,3.5576,156.134
14.04,24.5804,3.38141,155.873
14.05,23.7459,2.9914,155.645
14.06,22.8789,2.69787,155.444
14.07,21.8252,2.69271,155.2
14.08,20.6469,2.92155,154.946
14.09,19.6691,3.18597,154.754
14.1,18.9565,3.28932,154.614
14.11,18.2563,3.13592,154.497
14.12,17.4737,2.81216,154.442
14.13,16.6862,2.57063,154.415
14.14,15.9793,2.50295,154.386
14.15,15.1963,2.58309,154.369
14.16,14.2692,2.66918,154.356
14.17,13.272,2.82176,154.421
14.18,12.2847,3.04683,154.546
14.19,11.5049,3.19945,154.724
14.2,10.8068,3.14729,154.89
14.21,10.3178,2.73512,155.087
14.22,10.2049,2.11872,155.328
14.23,10.4315,1.23722,155.62
14.24,10.7415,0.61273,155.903
14.25,10.8783,0.653485,156.115
14.26,10.6841,0.969658,156.465
14.27,10.13,1.38527,156.84
14.28,9.32089,1.61829,157.226
14.29,8.45058,1.23802,157.528
14.3,8.09419,0.454864,157.867
14.31,8.55924,-0.56533,158.025
14.32,9.34158,-1.34199,158.209
14.33,9.9088,-1.29377,158.235
14.34,9.92365,-0.599951,158.35
14.35,9.20818,0.472846,158.413
14.36,8.16211,1.64803,158.644
14.37,7.12581,2.04767,158.737
14.38,6.4403,0.977798,158.536
14.39,6.6226,-0.568445,158.213
14.4,7.35616,-1.26081,157.598
14.41,7.93461,-1.01609,157.138
14.42,7.81414,-0.466592,157.07
14.43,7.09601,0.0161577,157.183
14.44,6.2579,0.603576,157.626
14.45,5.33448,0.768425,158.144
14.46,4.65185,0.13749,158.707
14.47,4.46603,-1.12586,159.295
14.48,4.73177,-2.41719,159.797
14.49,5.11174,-2.88809,160.161
14.5,5.12911,-2.61196,160.638
14.51,4.99848,-2.15822,161.261
14.52,4.91217,-1.85871,162.049
14.53,4.82022,-1.5663,162.885
14.54,4.6246,-1.01729,163.754
14.55,4.29553,-0.808085,164.685
14.56,3.7669,-1.31808,165.571
14.57,3.15168,-2.04407,166.519
14.58,2.73408,-2.32661,167.573
14.59,2.5662,-2.38121,168.597
14.6,2.64357,-2.37428,169.616
14.61,2.91316,-2.40161,170.652
14.62,3.3045,-2.49893,171.704
14.63,3.68266,-2.5567,172.707
14.64,3.76268,-2.52615,173.664
14.65,3.43647,-2.64048,174.66
14.66,2.8698,-2.89693,175.663
14.67,2.4992,-3.08317,176.685
14.68,2.38351,-3.15086,177.73
14.69,2.59858,-3.15808,178.771
14.7,2.95296,-3.17053,179.81
14.71,3.5351,-2.99716,-179.211
14.72,4.04474,-2.61026,-178.323
14.73,4.19219,-2.10618,-177.561
14.74,3.73392,-1.66322,-177.003
14.75,3.05214,-1.637,-176.523
14.76,2.44268,-2.24886,-176.162
14.77,2.00759,-3.1525,-175.501
14.78,1.98032,-4.06424,-174.648
14.79,2.23543,-4.72137,-173.622
14.8,2.69316,-4.91572,-172.745
14.81,2.97781,-4.38174,-171.983
14.82,3.14737,-3.63883,-171.139
14.83,2.67738,-3.00782,-170.61
14.84,1.6723,-2.3563,-170.128
14.85,1.1128,-2.26094,-169.446
14.86,1.03756,-2.75908,-168.662
14.87,1.23868,-3.43388,-167.74
14.88,1.35851,-3.69549,-166.745
14.89,1.41514,-3.78602,-165.772
14.9,1.45838,-3.91633,-164.82
14.91,1.25339,-3.70964,-163.926
14.92,1.0847,-3.44269,-163.036
14.93,1.09242,-3.33061,-162.137
14.94,1.06457,-3.29478,-161.271
14.95,0.8481,-3.31842,-160.421
14.96,0.457423,-3.51586,-159.586
14.97,-0.144413,-3.77425,-158.728
14.98,-0.470879,-4.18625,-158.055
14.99,-0.699599,-4.22167,-157.247
15,-0.531982,-4.11431,-156.505
15.01,-0.624842,-3.91054,-155.794
15.02,-0.735,-3.70422,-155.085
15.03,-0.845886,-3.51706,-154.386
15.04,-0.931566,-3.30629,-153.689
15.05,-0.9726,-3.10303,-153.001
15.06,-0.979961,-2.91193,-152.33
15.07,-0.952704,-2.69111,-151.673
15.08,-0.817234,-2.42693,-151.01
15.09,-0.409366,-2.10928,-150.309
15.1,0.206925,-1.81955,-149.625
15.11,0.829616,-1.55129,-149.047
15.12,1.35453,-1.33013,-148.526
15.13,1.61753,-1.36713,-147.96
15.14,1.56456,-1.63814,-147.41
15.15,1.40735,-1.93939,-146.907
15.16,1.35655,-2.26475,-146.487
15.17,1.43578,-2.65867,-146.106
15.18,1.62524,-3.10612,-145.734
15.19,1.84652,-3.57142,-145.358
15.2,2.13389,-3.92419,-145.072
15.21,2.4946,-4.08686,-144.852
15.22,2.77661,-4.16528,-144.594
15.23,2.79817,-4.20592,-144.33
15.24,2.58405,-4.2948,-144.078
15.25,2.26869,-4.19463,-143.818
15.26,2.17282,-4.10975,-143.631
15.27,2.28711,-4.00157,-143.483
15.28,2.55756,-3.90207,-143.384
15.29,2.93632,-3.81461,-143.328
15.3,3.17088,-3.74095,-143.321
15.31,3.12621,-3.76371,-143.323
15.32,2.94122,-3.72952,-143.366
15.33,2.74535,-3.63235,-143.444
15.34,2.88135,-3.49327,-143.551
15.35,3.16184,-3.34484,-143.694
15.36,3.49445,-3.22443,-143.868
15.37,3.84657,-3.13398,-144.075
15.38,4.18356,-3.08574,-144.308
15.39,4.38416,-3.17313,-144.526
15.4,4.28302,-3.27645,-144.744
15.41,4.05212,-3.33456,-144.965
15.42,3.90339,-3.3096,-145.195
15.43,3.70322,-3.08546,-145.406
15.44,3.50241,-2.79904,-145.721
15.45,3.52949,-2.60528,-146.176
15.46,3.74039,-2.40846,-146.704
15.47,4.02651,-2.25078,-147.286
15.48,4.27172,-2.23996,-147.876
15.49,4.42327,-2.44133,-148.457
15.5,4.40536,-2.68175,-149.006
15.51,4.17983,-2.79667,-149.469
15.52,3.8237,-2.9369,-150.014
15.53,3.59266,-3.17199,-150.859
15.54,3.60425,-3.36798,-151.855
15.55,3.62163,-3.3768,-152.739
15.56,3.59537,-3.37573,-153.663
15.57,3.54577,-3.35164,-154.613
15.58,3.56652,-3.18357,-155.568
15.59,3.61965,-2.93619,-156.547
15.6,3.51465,-2.51083,-157.581
15.61,3.18563,-1.93805,-158.691
15.62,2.95228,-1.54932,-159.803
15.63,2.95017,-1.60409,-160.987
15.64,3.07397,-1.9702,-162.148
15.65,3.30321,-2.38172,-163.303
15.66,3.52355,-2.6785,-164.454
15.67,3.59711,-2.84567,-165.576
15.68,3.42931,-2.86268,-166.697
15.69,3.06808,-2.4781,-167.751
15.7,2.79599,-1.75213,-168.689
15.71,2.70056,-1.07228,-169.786
15.72,2.85698,-0.727664,-170.913
15.73,3.02779,-0.797223,-172.211
15.74,3.19285,-1.06376,-173.443
15.75,3.35993,-1.39716,-174.675
15.76,3.36156,-1.84442,-175.806
15.77,3.28671,-2.28068,-177.033
15.78,3.33168,-2.46792,-178.371
15.79,3.33874,-2.30993,-179.585
15.8,3.34499,-1.90049,179.122
15.81,3.34546,-1.33776,177.823
15.82,3.35176,-0.599534,176.536
15.83,3.18479,0.249084,175.088
15.84,3.23104,0.754455,173.921
15.85,3.46329,0.695738,172.682
15.86,3.83547,0.0672498,171.46
15.87,4.22597,-0.91049,170.287
15.88,4.42459,-1.92184,169.277
15.89,4.44057,-2.69219,168.108
15.9,4.24238,-3.12278,167.012
15.91,4.01372,-3.03175,165.818
15.92,3.78676,-2.60368,164.586
15.93,3.44972,-1.93351,163.355
15.94,2.79822,-1.14676,162.047
15.95,2.13926,-0.168955,161.145
15.96,1.50033,0.717352,160.34
15.97,1.20044,1.37705,159.628
15.98,1.4019,1.71032,158.486
15.99,1.95527,1.84052,156.851
16,2.60815,1.72125,155.484
16.01,3.14667,1.34554,154.297
16.02,3.49483,0.884251,153.018
16.03,3.69803,0.344337,151.802
16.04,3.86114,-0.235953,150.593
16.05,4.01801,-0.617182,149.382
16.06,4.21046,-0.694441,148.172
16.07,4.33835,-0.527097,147.011
16.08,4.40911,-0.107963,145.851
16.09,4.5173,0.411294,144.698
16.1,4.46371,1.12396,143.264
16.11,3.98851,1.672,141.509
16.12,3.35114,1.82103,140.008
16.13,2.87289,1.38164,138.393
16.14,2.8691,0.586832,136.712
16.15,3.38574,-0.0834977,134.815
16.16,3.89102,-0.306017,133.096
16.17,3.99391,-0.124445,131.621
16.18,3.69088,0.292665,130.275
16.19,3.0302,0.808835,128.942
16.2,2.16891,1.29754,127.604
16.21,1.30325,1.54585,126.125
16.22,0.73999,1.62548,124.914
16.23,0.302553,1.49086,123.496
16.24,-0.00451799,1.11945,122.159
16.25,-0.163072,0.489076,120.788
16.26,-0.0939689,-0.0936802,119.386
16.27,0.0131068,-0.244093,118.067
16.28,-0.270766,0.0221394,116.867
16.29,-1.18683,0.502294,115.492
16.3,-2.55284,0.842967,113.802
16.31,-3.88561,1.11453,112.435
16.32,-5.02363,0.969652,110.429
16.33,-5.60972,0.440843,107.986
16.34,-5.58152,-0.261687,105.033
16.35,-5.21526,-0.830568,101.628
16.36,-4.78744,-0.978036,97.7941
16.37,-4.53103,-0.588633,94.0655
16.38,-4.79406,0.212378,91.0488
16.39,-5.88855,0.924671,88.3075
16.4,-7.81341,1.0824,84.5926
16.41,-10.0822,0.848193,80.2722
16.42,-12.6018,0.536488,75.6874
16.43,-15.608,0.444274,71.1308
16.44,-19.6256,0.593399,65.8171
16.45,-25.314,0.713554,57.4153
16.46,-33.3243,0.303294,40.9275
16.47,-43.4375,-1.65736,7.03545
16.48,-52.2476,-2.155,-37.0898
16.49,-55.9402,1.0804,-68.9861
16.5,-53.6707,3.03575,-83.9999
16.51,-48.0606,3.82033,-89.2347
16.52,-41.9009,4.23195,-91.4668
16.53,-35.9358,4.53832,-92.8349
16.54,-30.2194,4.81967,-93.8639
16.55,-24.6795,4.87601,-94.6746
16.56,-19.3223,4.86831,-95.4829
16.57,-14.0231,4.76384,-96.2692
16.58,-8.8316,4.53595,-97.0631
16.59,-4.01474,4.30027,-97.9606
16.6,0.398847,4.2374,-98.994
16.61,4.50965,4.18548,-100.011
16.62,8.21343,4.19266,-101.089
16.63,11.3173,4.05719,-102.145
16.64,13.6052,3.87131,-103.282
16.65,14.9812,3.81627,-104.537
16.66,15.6653,3.94714,-105.862
16.67,15.6375,3.97148,-107.197
16.68,14.8929,3.99015,-108.555
16.69,13.7291,4.06369,-109.9
16.7,12.4148,4.15336,-111.225
16.71,11.2848,4.47061,-112.455
16.72,10.6796,4.96613,-113.605
16.73,10.6219,5.29938,-114.724
16.74,10.8309,5.43899,-115.802
16.75,11.1236,5.4744,-116.831
16.76,11.4834,5.44344,-117.803
16.77,11.8107,5.31465,-118.716
16.78,11.8909,5.17421,-119.587
16.79,11.7288,4.98817,-120.411
16.8,11.2984,4.68376,-121.188
16.81,10.4903,4.45465,-121.891
16.82,9.58878,4.58482,-122.474
16.83,8.90701,4.99452,-122.96
16.84,8.61593,5.23988,-123.397
16.85,8.52465,5.1825,-123.779
16.86,8.48072,5.09222,-124.086
16.87,8.326,4.74331,-124.313
16.88,7.95286,4.41807,-124.46
16.89,7.50286,4.16087,-124.529
16.9,7.03891,3.97503,-124.523
16.91,6.60299,3.92493,-124.436
16.92,6.11944,4.12712,-124.267
16.93,5.6462,4.37616,-124.049
16.94,5.11027,4.56403,-123.8
16.95,4.50338,4.6989,-123.501
16.96,3.88675,4.61819,-123.164
16.97,3.41703,4.27775,-122.758
16.98,3.01802,3.76693,-122.261
16.99,2.52881,3.62285,-121.619
17,2.15873,3.86459,-120.895
17.01,2.02506,4.25451,-120.089
17.02,1.91578,4.84331,-119.252
17.03,1.74479,5.43529,-118.387
17.04,1.57968,5.79526,-117.451
17.05,1.50486,5.58631,-116.431
17.06,1.56594,4.81032,-115.357
17.07,1.49651,3.79645,-114.206
17.08,1.0178,2.9654,-112.921
17.09,0.0912427,2.92581,-111.523
17.1,-0.765958,3.61197,-110.133
17.11,-1.02288,4.44504,-108.683
17.12,-0.580349,5.22768,-107.058
17.13,0.504626,5.70962,-105.238
17.14,1.85178,5.79165,-103.338
17.15,3.01923,5.26523,-101.245
17.16,3.75836,4.30793,-99.1806
17.17,3.75473,3.35237,-97.2635
17.18,2.7312,2.8236,-95.352
17.19,0.942387,3.16223,-93.422
17.2,-0.731196,4.22535,-91.5232
17.21,-1.72126,5.32966,-89.7619
17.22,-1.98709,6.12725,-88.0151
17.23,-1.73438,6.51008,-86.2736
17.24,-1.19107,6.17994,-84.4819
17.25,-0.809231,5.30039,-82.6779
17.26,-1.21977,4.39961,-80.7536
17.27,-2.88076,4.01841,-78.5114
17.28,-5.54957,4.31206,-76.2114
17.29,-8.6194,5.15918,-74.0866
17.3,-11.5259,6.37244,-72.0971
17.31,-14.1303,7.61448,-70.4995
17.32,-16.5037,8.40069,-69.6801
17.33,-18.8746,8.33262,-69.8071
17.34,-21.4858,7.44988,-70.6079
17.35,-24.6555,6.31512,-71.6166
17.36,-28.5636,5.65265,-72.6333
17.37,-32.8527,5.51074,-74.7598
17.38,-36.434,5.74205,-80.0951
17.39,-37.413,6.39832,-90.2849
17.4,-33.7006,7.81514,-96.3194
17.41,-27.2067,8.77634,-94.3474
17.42,-21.3921,9.44002,-93.6132
17.43,-15.5825,9.47308,-91.2376
17.44,-10.4096,9.17336,-89.2471
17.45,-5.68601,8.78864,-87.4662
17.46,-1.24937,8.58817,-86.0061
17.47,3.30067,8.68185,-84.6886
17.48,8.53062,8.9417,-83.2258
17.49,14.8806,9.13443,-81.4758
17.5,22.2617,9.06976,-79.591
17.51,30.0146,8.68271,-77.9142
17.52,37.0555,7.94676,-76.7066
17.53,42.4383,7.05932,-76.3124
17.54,45.8734,6.29163,-77.0512
17.55,47.6324,5.67816,-79.264
17.56,47.9326,5.29847,-83.6423
17.57,46.589,5.19645,-90.4066
17.58,43.3777,5.4135,-97.3495
17.59,39.1407,5.92018,-101.504
17.6,35.4464,6.33371,-103.749
17.61,32.7925,6.47857,-105.17
17.62,31.0156,6.46488,-106.036
17.63,29.785,6.37487,-106.526
17.64,29.2259,6.16295,-106.657
17.65,28.765,6.11255,-106.649
17.66,28.4458,5.69546,-106.618
17.67,28.1804,5.14882,-106.591
17.68,27.8279,4.63301,-106.574
17.69,27.453,4.13297,-106.536
17.7,26.9741,3.59116,-106.495
17.71,26.3002,3.12226,-106.436
17.72,25.5138,2.65699,-106.351
17.73,24.7285,2.13317,-106.253
17.74,23.7801,1.71629,-106.112
17.75,22.7063,1.4133,-105.923
17.76,21.7972,1.17626,-105.703
17.77,21.3104,1.10907,-105.421
17.78,21.3671,0.990723,-105.125
17.79,21.5379,0.668872,-104.857
17.8,21.3576,0.238127,-104.625
17.81,20.6568,-0.254612,-104.398
17.82,19.4858,-0.725051,-104.15
17.83,17.9483,-1.07715,-103.849
17.84,16.3511,-1.3182,-103.53
17.85,14.9163,-1.42338,-103.188
17.86,13.7818,-1.32372,-102.8
17.87,13.0597,-1.22488,-102.474
17.88,12.6281,-1.16087,-102.185
17.89,12.2105,-1.0835,-101.92
17.9,11.7256,-1.09174,-101.679
17.91,11.1558,-1.18307,-101.446
17.92,10.3815,-1.14468,-101.179
17.93,9.62678,-1.02363,-100.911
17.94,9.05908,-0.884109,-100.649
17.95,8.68885,-0.657825,-100.375
17.96,8.51795,-0.345789,-100.099
17.97,8.61042,-0.108455,-99.8142
17.98,8.72884,0.0878579,-99.5519
17.99,8.73444,0.276841,-99.3109
18,8.66693,0.423496,-99.0725
18.01,8.66342,0.60277,-98.8436
18.02,8.83738,0.995261,-98.6408
18.03,9.36362,1.42073,-98.3843
18.04,10.2544,1.72027,-98.0439
18.05,11.1819,1.84204,-97.6907
18.06,11.9549,1.63629,-97.2431
18.07,12.1473,1.32755,-96.8671
18.08,11.4265,0.628938,-96.3339
18.09,9.60996,-0.121022,-95.6849
18.1,6.78519,-0.667579,-94.8425
18.11,3.26816,-0.781983,-93.7816
18.12,-0.449865,-0.649588,-92.9948
18.13,-4.26744,-0.345138,-92.3649
18.14,-8.10824,-0.0793631,-92.086
18.15,-12.0103,0.0694684,-92.0046
18.16,-16.1011,0.135145,-91.9355
18.17,-20.4727,0.135688,-91.8516
18.18,-25.043,-0.00036918,-91.8761
18.19,-29.6775,-0.248618,-92.0203
18.2,-34.1194,-0.532976,-92.379
18.21,-37.9991,-0.897087,-93.4929
18.22,-40.9344,-1.25211,-96.5029
18.23,-42.2084,-1.57153,-103.902
18.24,-40.5344,-1.67071,-115.351
18.25,-35.7315,-2.25482,-119.433
18.26,-32.4885,-2.97798,-122.296
18.27,-30.8194,-3.69852,-124.481
18.28,-30.1919,-4.42736,-126.2
18.29,-30.1646,-4.99213,-127.733
18.3,-30.4034,-5.56685,-129.142
18.31,-30.7044,-6.27911,-130.476
18.32,-30.96,-7.04893,-131.785
18.33,-31.1983,-7.90161,-133.088
18.34,-31.4263,-8.79118,-134.399
18.35,-31.7134,-9.62383,-135.733
18.36,-31.8773,-10.4206,-137.093
18.37,-32.0708,-11.1765,-138.446
18.38,-32.1607,-11.9389,-139.788
18.39,-32.1667,-12.5623,-141.111
18.4,-31.8727,-13.6446,-142.395
18.41,-31.6136,-14.7403,-143.549
18.42,-31.3605,-15.8193,-144.638
18.43,-31.1038,-16.8464,-145.675
18.44,-30.8253,-17.8245,-146.66
18.45,-30.4605,-18.6821,-147.573
18.46,-29.9794,-19.5287,-148.412
18.47,-29.3318,-20.3607,-149.169
18.48,-28.5195,-21.2985,-149.853
18.49,-27.6992,-22.2313,-150.443
18.5,-26.9064,-23.1363,-150.959
18.51,-26.2269,-24.0009,-151.39
18.52,-25.6931,-24.8606,-151.73
18.53,-25.2996,-25.6744,-151.982
18.54,-24.947,-26.4285,-152.195
18.55,-24.4827,-27.0729,-152.428
18.56,-23.8523,-27.7164,-152.736
18.57,-22.9905,-28.2734,-153.128
18.58,-21.8526,-28.856,-153.642
18.59,-20.4346,-29.4079,-154.27
18.6,-19.0022,-29.8013,-154.911
18.61,-17.6677,-30.0852,-155.541
18.62,-16.3915,-30.3018,-156.169
18.63,-15.1828,-30.6641,-156.775
18.64,-14.0354,-31.1399,-157.343
18.65,-13.0078,-31.6066,-157.822
18.66,-12.0504,-32.0324,-158.245
18.67,-11.0922,-32.3567,-158.651
18.68,-10.0197,-32.5261,-159.107
18.69,-8.87778,-32.4966,-159.58
18.7,-7.67201,-32.3651,-160.094
18.71,-6.38344,-32.1175,-160.645
18.72,-4.89281,-31.8736,-161.302
18.73,-3.20418,-31.6919,-162.055
18.74,-1.42252,-31.5989,-162.832
18.75,0.289686,-31.5883,-163.521
18.76,1.88218,-31.6898,-164.09
18.77,3.15105,-31.8248,-164.394
18.78,4.10343,-31.8751,-164.486
18.79,4.88837,-31.7608,-164.517
18.8,5.77351,-31.2888,-164.662
18.81,6.96305,-30.4447,-165.017
18.82,8.52025,-29.2628,-165.553
18.83,10.2703,-27.9096,-166.146
18.84,11.9977,-26.6811,-166.613
18.85,13.5132,-25.6953,-166.886
18.86,14.7904,-25.06,-166.921
18.87,15.8607,-24.5875,-166.883
18.88,16.7617,-24.1483,-166.778
18.89,17.539,-23.5319,-166.659
18.9,18.2766,-22.7996,-166.551
18.91,19.3797,-21.774,-166.677
18.92,20.7366,-20.3197,-166.925
18.93,22.1059,-18.608,-167.098
18.94,23.392,-16.8206,-167.107
18.95,24.5913,-15.1941,-166.916
18.96,25.6088,-13.879,-166.603
18.97,26.5365,-12.9595,-166.152
18.98,27.2908,-12.3094,-165.715
18.99,27.8483,-11.7729,-165.259
19,28.295,-11.2041,-164.874
19.01,28.6969,-10.4261,-164.547
19.02,29.1711,-9.31501,-164.318
19.03,29.7492,-7.87122,-164.114
19.04,30.5173,-6.18139,-163.892
19.05,31.3179,-4.38789,-163.603
19.06,32.0674,-2.66205,-163.155
19.07,32.7224,-1.2203,-162.502
19.08,33.3764,-0.0935945,-161.763
19.09,33.9856,0.866344,-161.09
19.1,34.4926,1.73974,-160.415
19.11,34.7967,2.66644,-159.785
19.12,34.9342,3.75946,-159.236
19.13,35.0305,4.9897,-158.685
19.14,35.2449,6.38806,-158.15
19.15,35.5175,7.89804,-157.519
19.16,35.813,9.47912,-156.843
19.17,36.0722,11.242,-156.248
19.18,36.1959,12.8948,-155.414
19.19,36.2094,14.3855,-154.642
19.2,35.9954,15.9326,-154.065
19.21,35.6931,17.3506,-153.391
19.22,35.2545,18.7536,-152.922
19.23,34.6693,20.1805,-152.494
19.24,34.0492,21.573,-152.184
19.25,33.2911,22.9668,-151.921
19.26,32.3727,24.3471,-151.866
19.27,31.2938,25.7117,-151.862
19.28,30.0712,27.02,-152.074
19.29,28.7246,28.2988,-152.287
19.3,27.3637,29.4271,-152.707
19.31,25.7607,30.4112,-153.066
19.32,24.0942,31.245,-153.933
19.33,22.0256,32.0382,-154.301
19.34,20.087,32.6571,-156.356
19.35,17.1306,33.4131,-155.158
19.36,15.9844,33.787,-161.414
19.37,10.6359,35.0382,-151.591
19.38,14.5701,35.1046,-160.438
19.39,7.81038,35.9315,-154.414
19.4,9.74973,35.4649,-161.061
19.41,4.35831,35.2972,-158.081
19.42,4.26769,34.4974,-163.367
19.43,-0.501626,33.7094,-162.101
19.44,-1.75809,32.546,-166.432
19.45,-5.70842,31.4856,-166.2
19.46,-7.4007,30.4885,-168.815
19.47,-9.9552,29.4074,-169.389
19.48,-11.5011,28.321,-170.69
19.49,-13.1647,27.1746,-171.348
19.5,-14.5346,25.9764,-172.167
19.51,-15.8807,24.719,-172.808
19.52,-17.1527,23.381,-173.443
19.53,-18.3658,22.0317,-173.983
19.54,-19.4081,20.6574,-174.417
19.55,-20.2652,19.2118,-174.742
19.56,-20.9366,17.7087,-174.966
19.57,-21.4252,16.1049,-175.11
19.58,-21.7396,14.4352,-175.181
19.59,-21.9722,12.7683,-175.207
19.6,-22.1167,11.108,-175.202
19.61,-22.1283,9.56187,-175.17
19.62,-22.0923,8.13827,-175.141
19.63,-22.0044,6.75793,-175.123
19.64,-21.8376,5.38948,-175.115
19.65,-21.6064,4.09084,-175.119
19.66,-21.3734,2.85508,-175.141
19.67,-21.1092,1.70234,-175.174
19.68,-20.8646,0.616375,-175.219
19.69,-20.6335,-0.377774,-175.269
19.7,-20.3358,-1.31333,-175.321
19.71,-19.9154,-2.16464,-175.373
19.72,-19.354,-3.00841,-175.438
19.73,-18.6826,-3.84216,-175.513
19.74,-17.9315,-4.70298,-175.598
19.75,-17.2204,-5.55496,-175.677
19.76,-16.564,-6.34713,-175.749
19.77,-15.883,-7.02287,-175.829
19.78,-15.1902,-7.5833,-175.914
19.79,-14.4452,-8.0675,-176.018
19.8,-13.6362,-8.44357,-176.132
19.81,-12.7901,-8.74429,-176.255
19.82,-11.9103,-9.00248,-176.387
19.83,-10.9991,-9.25983,-176.527
19.84,-10.0691,-9.44824,-176.662
19.85,-9.14585,-9.62084,-176.793
19.86,-8.22708,-9.75991,-176.916
19.87,-7.27223,-9.90633,-177.043
19.88,-6.33132,-10.0567,-177.159
19.89,-5.38297,-10.1596,-177.264
19.9,-4.34569,-10.2688,-177.386
19.91,-3.27338,-10.3879,-177.511
19.92,-2.24603,-10.5573,-177.618
19.93,-1.28236,-10.7136,-177.707
19.94,-0.325602,-10.8672,-177.798
19.95,0.606695,-11.0412,-177.888
19.96,1.73943,-11.1838,-178.038
19.97,2.86861,-11.3044,-178.182
19.98,3.94122,-11.4147,-178.306
19.99,4.97007,-11.473,-178.423
20,5.91529,-11.5247,-178.519
20.01,7.27468,-11.4772,-178.74
20.02,8.65562,-11.4153,-178.948
20.03,9.93301,-11.3555,-179.121
20.04,11.0989,-11.269,-179.273
20.05,12.1992,-11.1887,-179.406
20.06,13.2078,-11.115,-179.523
20.07,14.1643,-11.0192,-179.63
20.08,15.0809,-10.8933,-179.728
20.09,16.0172,-10.7258,-179.823
20.1,16.9006,-10.5254,-179.901
20.11,17.7561,-10.2571,-179.963
20.12,18.5808,-9.96101,179.987
20.13,19.4241,-9.61371,179.947
20.14,20.2593,-9.21467,179.906
20.15,21.0285,-8.75871,179.865
20.16,21.7379,-8.32988,179.834
20.17,22.4029,-7.97454,179.818
20.18,23.1173,-7.68562,179.821
20.19,23.8349,-7.47047,179.805
20.2,24.528,-7.31908,179.797
20.21,25.2231,-7.24978,179.792
20.22,25.8834,-7.20844,179.792
20.23,26.4383,-7.18074,179.805
20.24,26.8566,-7.07234,179.834
20.25,27.203,-6.92876,179.853
20.26,27.5149,-6.8173,179.876
20.27,27.8429,-6.70195,179.909
20.28,28.1232,-6.58829,179.928
20.29,28.3633,-6.47167,179.954
20.3,28.4892,-6.39899,179.979
20.31,28.5125,-6.41484,-179.973
20.32,28.4306,-6.54264,-179.913
20.33,28.2814,-6.69559,-179.838
20.34,28.0737,-6.83602,-179.78
20.35,27.8475,-6.91149,-179.726
20.36,27.6041,-6.89535,-179.687
20.37,27.402,-6.76389,-179.665
20.38,27.1718,-6.58845,-179.653
20.39,26.8343,-6.44941,-179.615
20.4,26.4077,-6.42431,-179.541
20.41,25.8622,-6.49772,-179.444
20.42,25.2614,-6.64889,-179.345
20.43,24.6008,-6.80659,-179.243
20.44,23.9213,-6.92495,-179.162
20.45,23.2505,-6.98102,-179.098
20.46,22.5701,-6.99338,-179.041
20.47,21.8617,-6.97684,-178.979
20.48,21.1392,-6.94861,-178.915
20.49,20.4248,-6.93744,-178.85
20.5,19.6467,-6.90045,-178.782
20.51,18.8458,-6.86011,-178.712
20.52,18.0036,-6.84608,-178.636
20.53,17.1196,-6.8114,-178.559
20.54,16.187,-6.7729,-178.48
20.55,15.2036,-6.71886,-178.397
20.56,14.2332,-6.61597,-178.322
20.57,13.2904,-6.52927,-178.255
20.58,12.3392,-6.4254,-178.188
20.59,11.4729,-6.31342,-178.14
20.6,10.6531,-6.18596,-178.102
20.61,9.80167,-6.07439,-178.051
20.62,8.90808,-5.90242,-178.016
20.63,7.95272,-5.66171,-177.984
20.64,6.93386,-5.38228,-177.952
20.65,5.93423,-5.07233,-177.929
20.66,4.9495,-4.73718,-177.919
20.67,3.91061,-4.38895,-177.921
20.68,2.94485,-4.05015,-177.928
20.69,2.08677,-3.7128,-177.947
20.7,1.2796,-3.37714,-177.986
20.71,0.477,-3.05143,-178.038
20.72,-0.349637,-2.71443,-178.098
20.73,-1.1257,-2.32983,-178.153
20.74,-1.83457,-1.95104,-178.214
20.75,-2.43724,-1.61236,-178.277
20.76,-2.89335,-1.35772,-178.335
20.77,-3.30877,-1.14697,-178.395
20.78,-3.67539,-1.01932,-178.447
20.79,-3.94624,-0.823047,-178.511
20.8,-4.1769,-0.56908,-178.573
20.81,-4.39001,-0.289986,-178.627
20.82,-4.58987,-0.044253,-178.672
20.83,-4.83912,0.174972,-178.713
20.84,-5.03945,0.373357,-178.743
20.85,-5.22744,0.582645,-178.763
20.86,-5.33839,0.82287,-178.766
20.87,-5.38455,1.04675,-178.767
20.88,-5.35387,1.24845,-178.759
20.89,-5.2493,1.38819,-178.747
20.9,-5.08243,1.4854,-178.728
20.91,-4.81401,1.53926,-178.698
20.92,-4.52169,1.45907,-178.657
20.93,-4.27673,1.29948,-178.617
20.94,-4.10282,1.1773,-178.575
20.95,-3.92748,1.07313,-178.541
20.96,-3.75884,1.1529,-178.476
20.97,-3.48734,1.1781,-178.434
20.98,-3.13866,1.13742,-178.386
20.99,-2.79468,1.05973,-178.341
21,-2.43614,0.986836,-178.297
21.01,-2.08545,0.923627,-178.249
21.02,-1.69072,0.842663,-178.195
21.03,-1.3369,0.784379,-178.148
21.04,-1.11112,0.789596,-178.107
21.05,-0.995722,0.707196,-178.057
21.06,-0.830216,0.512791,-178.001
21.07,-0.52947,0.270286,-177.95
21.08,-0.304672,0.066441,-177.863
21.09,-0.20543,-0.0135835,-177.784
21.1,-0.180636,-0.0107214,-177.699
21.11,-0.0866361,-0.127045,-177.613
21.12,0.133792,-0.581426,-177.535
21.13,0.468317,-1.34666,-177.466
21.14,0.813689,-2.23763,-177.371
21.15,1.18696,-3.10743,-177.37
21.16,1.56597,-3.76923,-177.5
21.17,1.84,-4.21045,-177.595
21.18,1.97349,-4.27938,-177.741
21.19,1.91173,-3.81141,-177.932
21.2,1.5621,-2.85549,-178.147
21.21,0.993226,-1.59668,-178.349
21.22,0.499171,-0.637726,-178.54
21.23,0.136259,-0.132054,-178.773
21.24,-0.238454,0.241909,-178.933
21.25,-0.689034,0.66239,-178.978
21.26,-1.22695,1.24587,-178.862
21.27,-1.77766,1.93697,-178.817
21.28,-2.18088,2.451,-178.901
21.29,-2.3509,2.57913,-178.958
21.3,-2.28917,2.73092,-178.891
21.31,-2.08877,3.05208,-178.918
21.32,-2.01294,3.29868,-178.857
21.33,-2.09031,3.35285,-178.784
21.34,-2.17245,3.20667,-178.696
21.35,-2.07239,2.63695,-178.635
21.36,-1.75107,1.85876,-178.714
21.37,-1.49839,1.32072,-178.723
21.38,-1.37249,1.15076,-178.716
21.39,-1.44572,1.19474,-178.596
21.4,-1.70778,1.15981,-178.578
21.41,-2.02491,0.943307,-178.591
21.42,-2.47803,1.06454,-178.409
21.43,-2.91194,1.51578,-178.203
21.44,-3.23037,1.92976,-178.049
21.45,-3.157,1.62185,-178.016
21.46,-3.07473,1.21106,-178.037
21.47,-3.03658,0.855863,-178.053
21.48,-3.0067,0.549883,-178.064
21.49,-3.01542,0.290979,-178.042
21.5,-3.08042,0.188682,-178.054
21.51,-3.25449,0.244072,-178.022
21.52,-3.42846,0.495805,-178.029
21.53,-3.5725,0.837244,-178.011
21.54,-3.7079,1.02102,-178.05
21.55,-3.90798,1.20666,-178.079
21.56,-3.94599,1.38498,-178.026
21.57,-3.88146,1.38904,-178.01
21.58,-3.85762,1.2783,-178.002
21.59,-3.76171,1.09183,-178.016
21.6,-3.77979,0.758543,-177.941
21.61,-3.93784,0.483723,-177.894
21.62,-4.18671,0.788214,-177.828
21.63,-4.34336,1.53792,-177.752
21.64,-4.30084,2.23289,-177.635
21.65,-4.29822,2.77897,-177.717
21.66,-4.49278,3.06102,-177.892
21.67,-4.68149,3.06632,-177.976
21.68,-4.78784,2.76345,-178.071
21.69,-4.78093,2.07183,-178.201
21.7,-4.76323,1.49582,-178.201
21.71,-4.62459,1.15814,-178.368
21.72,-4.35588,1.19346,-178.515
21.73,-4.20055,1.84569,-178.729
21.74,-4.14862,2.55947,-178.766
21.75,-4.29169,3.14689,-178.949
21.76,-4.3978,3.47585,-178.94
21.77,-4.45019,3.36078,-179.011
21.78,-4.30116,3.07599,-179.079
21.79,-4.2001,2.69859,-179.062
21.8,-4.08888,2.53616,-179.162
21.81,-4.03095,2.75409,-179.255
21.82,-3.80772,2.95938,-179.185
21.83,-3.74652,3.23859,-179.343
21.84,-4.1178,3.56405,-179.573
21.85,-4.48883,3.77537,-179.537
21.86,-4.64897,3.42125,-179.782
21.87,-4.73774,2.96267,-179.862
21.88,-4.81743,2.62218,-179.881
21.89,-4.80499,2.32781,-179.939
21.9,-4.82641,2.11763,-179.972
21.91,-4.83365,2.03523,179.98
21.92,-4.58798,1.73055,179.969
21.93,-4.43611,1.43405,179.965
21.94,-4.57578,1.50071,179.892
21.95,-4.77836,1.71504,179.835
21.96,-4.92132,1.9848,179.838
21.97,-4.94556,1.9855,179.838
21.98,-5.07219,1.82333,179.791
21.99,-5.26215,1.67368,179.77
22,-5.39787,1.7145,179.789
22.01,-5.32071,1.80557,179.81
22.02,-4.98293,1.6982,179.86
22.03,-4.64462,1.26657,180
22.04,-4.63125,0.533888,-179.632
22.05,-4.94538,0.50111,-179.369
22.06,-5.1383,0.695289,-179.282
22.07,-5.16537,0.780498,-179.244
22.08,-5.12778,0.944963,-179.182
22.09,-5.16551,1.02637,-179.125
22.1,-5.81885,0.884383,-179.235
22.11,-5.52418,1.01452,-179.09
22.12,-5.17796,0.85076,-178.859
22.13,-5.0505,0.763225,-178.641
22.14,-5.27834,0.417608,-178.29
22.15,-5.72559,0.24856,-177.764
22.16,-5.76452,0.0647676,-177.454
22.17,-5.81449,-0.0093748,-177.077
22.18,-5.81203,-0.0619401,-176.753
22.19,-5.64945,-0.105046,-176.464
22.2,-5.65173,0.0268897,-176.214
22.21,-5.77235,0.0481812,-176.008
22.22,-5.8635,-0.000841745,-175.876
22.23,-5.90049,-0.0193601,-175.794
22.24,-5.865,0.0288282,-175.763
22.25,-5.81091,-0.0921849,-175.749
22.26,-5.75697,-0.200187,-175.717
22.27,-5.70189,-0.309481,-175.669
22.28,-5.71565,-0.363621,-175.587
22.29,-5.54676,-0.242571,-175.497
22.3,-5.23347,0.00550746,-175.4
22.31,-4.83659,0.343458,-175.318
22.32,-4.34954,0.650736,-175.172
22.33,-3.96037,0.693895,-174.959
22.34,-3.68193,0.715575,-174.814
22.35,-3.5688,0.695972,-174.687
22.36,-3.47716,0.730327,-174.626
22.37,-3.52238,0.74305,-174.617
22.38,-3.66415,0.881994,-174.58
22.39,-3.97301,1.01086,-174.664
22.4,-1.57577,-0.962087,-176.649
22.41,-1.24371,-0.87541,172.494
22.42,-1.40003,-0.800024,140.837
22.43,-1.36384,-0.491598,122.87
22.44,-1.36109,-0.646937,112.434
22.45,-1.35365,-0.627877,106.148
22.46,-1.48002,-0.499883,102.301
22.47,-1.66642,-0.424103,99.765
22.48,-1.86329,-0.362224,98.084
22.49,-2.08437,-0.265217,96.9975
22.5,-2.32497,-0.20792,96.2822
22.51,-2.54903,-0.17633,95.805
22.52,-2.77922,-0.123506,95.4968
22.53,-3.00191,-0.0802329,95.2973
22.54,-3.22046,-0.0616155,95.1668
22.55,-3.40879,-0.0047529,95.0892
22.56,-3.57832,0.0950421,95.047
22.57,-3.7766,0.227024,95.0257
22.58,-3.93538,-0.0131752,94.9934
22.59,-3.91866,-0.0747975,94.9889
22.6,-3.85148,0.0444014,94.9919
22.61,-3.82615,-0.0624658,94.9932
22.62,-3.70615,-0.0921878,94.9973
22.63,-3.55847,-0.051518,95.0014
22.64,-3.43641,-0.102698,95.0084
22.65,-3.27554,-0.133155,95.0139
22.66,-3.08884,-0.0884059,95.0169
22.67,-2.92903,-0.0936155,95.023
22.68,-2.76688,-0.109577,95.0285
22.69,-2.58862,-0.0959653,95.0322
22.7,-2.41785,-0.103927,95.0371
22.71,-2.25551,-0.143946,95.0426
22.72,-2.05707,-0.144929,95.0446
22.73,-1.871,-0.144312,95.0474
22.74,-1.69475,-0.156542,95.051
22.75,-1.51998,-0.16674,95.0537
22.76,-1.35804,-0.188835,95.0568
22.77,-1.17686,-0.173264,95.0569
22.78,-0.991863,-0.131386,95.0567
22.79,-0.839069,-0.119857,95.0597
22.8,-0.692519,-0.138134,95.0631
22.81,-0.513899,-0.150437,95.0645
22.82,-0.335132,-0.167462,95.0659
22.83,-0.147963,-0.169833,95.0658
22.84,0.0232896,-0.15687,95.0651
22.85,0.149762,-0.18247,95.0681
22.86,0.317875,-0.17425,95.0671
22.87,0.487042,-0.180233,95.0683
22.88,0.664297,-0.178386,95.0683
22.89,0.831916,-0.180429,95.0689
22.9,0.97883,-0.191041,95.07
22.91,1.11714,-0.208794,95.0711
22.92,1.25746,-0.191401,95.0693
22.93,1.36813,-0.211073,95.0716
22.94,1.48169,-0.22279,95.0717
22.95,1.60287,-0.241945,95.0721
22.96,1.74677,-0.250132,95.0713
22.97,1.88066,-0.248001,95.0704
22.98,1.99999,-0.263397,95.0716
22.99,2.12564,-0.277812,95.0718
23,2.26307,-0.278467,95.0706
23.01,2.40233,-0.292618,95.0712
23.02,2.5469,-0.301752,95.0706
23.03,2.69839,-0.30316,95.0695
23.04,2.84342,-0.314705,95.07
23.05,2.98757,-0.327121,95.0698
23.06,3.13014,-0.317763,95.0676
23.07,3.24333,-0.299093,95.066
23.08,3.32643,-0.297739,95.0665
23.09,3.40525,-0.287937,95.0661
23.1,3.47064,-0.296773,95.067
23.11,3.54208,-0.296683,95.0667
23.12,3.61147,-0.311287,95.0675
23.13,3.70115,-0.325693,95.0673
23.14,3.79843,-0.339376,95.0669
23.15,3.88739,-0.350765,95.0666
23.16,3.95834,-0.359496,95.0664
23.17,4.05146,-0.357442,95.0655
23.18,4.13109,-0.345742,95.0645
23.19,4.1843,-0.347601,95.0649
23.2,4.22562,-0.357998,95.0655
23.21,4.2953,-0.351618,95.0647
23.22,4.36086,-0.337794,95.0641
23.23,4.4049,-0.32057,95.0637
23.24,4.43875,-0.310232,95.0639
23.25,4.46826,-0.301629,95.0642
23.26,4.47752,-0.301914,95.0645
23.27,4.48242,-0.284093,95.0645
23.28,4.44531,-0.272357,95.0644
23.29,4.40858,-0.25288,95.0649
23.3,4.36802,-0.239616,95.0651
23.31,4.32951,-0.236295,95.0651
23.32,4.30098,-0.2602,95.0644
23.33,4.278,-0.271507,95.0649
23.34,4.28042,-0.27034,95.065
23.35,4.29424,-0.260758,95.0651
23.36,4.30142,-0.264855,95.0652
23.37,4.29703,-0.256439,95.0653
23.38,4.28215,-0.262617,95.0653
23.39,4.2867,-0.247953,95.0655
23.4,4.28242,-0.237442,95.0655
23.41,4.26812,-0.261877,95.0655
23.42,4.28463,-0.258294,95.0651
23.43,4.28466,-0.247257,95.065
23.44,4.28298,-0.243822,95.0651
23.45,4.28458,-0.238422,95.0651
23.46,4.28314,-0.238068,95.0651
23.47,4.30079,-0.219062,95.065
23.48,4.30874,-0.201386,95.0648
23.49,4.28246,-0.18969,95.0643
23.5,4.23362,-0.206864,95.0633
23.51,4.18814,-0.239275,95.0624
23.52,4.17216,-0.243375,95.0625
23.53,4.15075,-0.239258,95.0626
23.54,4.12577,-0.227704,95.0626
23.55,4.09586,-0.223648,95.0623
23.56,4.07783,-0.196756,95.0627
23.57,4.05225,-0.16773,95.0624
23.58,4.01106,-0.175664,95.0607
23.59,3.98529,-0.166356,95.0608
23.6,3.95629,-0.169508,95.0603
23.61,3.92496,-0.177597,95.06
23.62,3.90964,-0.169819,95.0603
23.63,3.87817,-0.166311,95.0602
23.64,3.84283,-0.18492,95.0595
23.65,3.83182,-0.194625,95.0593
23.66,3.8193,-0.216805,95.059
23.67,3.80374,-0.218849,95.0592
23.68,3.78217,-0.223924,95.0593
23.69,3.7752,-0.21642,95.0594
23.7,3.75099,-0.223363,95.0592
23.71,3.73025,-0.216115,95.0595
23.72,3.69742,-0.213406,95.0593
23.73,3.64977,-0.216249,95.059
23.74,3.61053,-0.211784,95.0594
23.75,3.57337,-0.224255,95.0587
23.76,3.54032,-0.230779,95.0588
23.77,3.51758,-0.210231,95.0599
23.78,3.47644,-0.244431,95.0582
23.79,3.45905,-0.256537,95.0582
23.8,3.46569,-0.261002,95.0579
23.81,3.49974,-0.267387,95.0575
23.82,3.53887,-0.257476,95.0566
23.83,3.58246,-0.279175,95.0578
23.84,3.65588,-0.282205,95.0561
23.85,3.71591,-0.285441,95.0557
23.86,3.76826,-0.29823,95.0563
23.87,3.82974,-0.29398,95.0547
23.88,3.88997,-0.295255,95.0547
23.89,3.96085,-0.282969,95.0533
23.9,4.03032,-0.315924,95.0569
23.91,4.11134,-0.309195,95.0532
23.92,4.16796,-0.299518,95.0519
23.93,4.20799,-0.296359,95.0519
23.94,4.24522,-0.293054,95.0517
23.95,4.26625,-0.296271,95.0519
23.96,4.28182,-0.296928,95.0518
23.97,4.29081,-0.286124,95.0516
23.98,4.30567,-0.301336,95.0519
23.99,4.34996,-0.297255,95.0509
24,4.40252,-0.283863,95.05
24.01,4.43681,-0.272819,95.0498
24.02,4.43631,-0.301452,95.0514
24.03,4.45617,-0.293309,95.0505
24.04,4.4735,-0.281243,95.0502
24.05,4.46398,-0.265886,95.0498
24.06,4.44582,-0.258924,95.0495
24.07,4.43255,-0.253863,95.0494
24.08,4.43985,-0.255728,95.0493
24.09,4.44038,-0.256878,95.0492
24.1,4.43076,-0.290143,95.0492
24.11,4.44719,-0.299552,95.048
24.12,4.48327,-0.307439,95.0471
24.13,4.51462,-0.319749,95.0469
24.14,4.56191,-0.318944,95.0456
24.15,4.60694,-0.322802,95.0454
24.16,4.63078,-0.315743,95.0448
24.17,4.64596,-0.281329,95.0433
24.18,4.62084,-0.255941,95.0416
24.19,4.58739,-0.260767,95.0401
24.2,4.55461,-0.268873,95.0395
24.21,4.53097,-0.263823,95.0399
24.22,4.51371,-0.256966,95.0401
24.23,4.49954,-0.266408,95.0397
24.24,4.49019,-0.286071,95.0392
24.25,4.49407,-0.302791,95.0389
24.26,4.52151,-0.302409,95.0379
24.27,4.55926,-0.297561,95.0374
24.28,4.58113,-0.280736,95.0365
24.29,4.59878,-0.269324,95.0364
24.3,4.59887,-0.256482,95.0361
24.31,4.58931,-0.256858,95.036
24.32,4.58091,-0.256422,95.0358
24.33,4.56903,-0.257162,95.0357
24.34,4.56213,-0.271299,95.0353
24.35,4.5636,-0.294801,95.0348
24.36,4.5774,-0.28614,95.034
24.37,4.57329,-0.287173,95.034
24.38,4.55847,-0.297869,95.034
24.39,4.53903,-0.298048,95.0344
24.4,4.51974,-0.273974,95.0354
24.41,4.49643,-0.261864,95.0352
24.42,4.46769,-0.265515,95.0344
24.43,4.44022,-0.290611,95.0332
24.44,4.43403,-0.288851,95.0333
24.45,4.43527,-0.302012,95.0329
24.46,4.44288,-0.302403,95.0326
24.47,4.44679,-0.294184,95.0325
24.48,4.43293,-0.273966,95.0325
24.49,4.40582,-0.259343,95.0322
24.5,4.37338,-0.265611,95.0311
24.51,4.36062,-0.276707,95.0304
24.52,4.36115,-0.270101,95.0305
24.53,4.35372,-0.291687,95.0304
24.54,4.37056,-0.282858,95.0297
24.55,4.37167,-0.296864,95.03
24.56,4.38193,-0.289515,95.0297
24.57,4.37865,-0.263325,95.0292
24.58,4.34782,-0.269207,95.0281
24.59,4.34103,-0.283384,95.0273
24.6,4.34788,-0.286662,95.027
24.61,4.34463,-0.284989,95.0272
24.62,4.34071,-0.303531,95.0275
24.63,4.3455,-0.309647,95.0274
24.64,4.35973,-0.308321,95.0273
24.65,4.38383,-0.307617,95.0273
24.66,4.38639,-0.307058,95.0275
24.67,4.39496,-0.304917,95.0276
24.68,4.40477,-0.304267,95.0277
24.69,4.42308,-0.310292,95.028
24.7,4.43104,-0.314011,95.0283
24.71,4.43381,-0.302682,95.0284
24.72,4.4344,-0.289542,95.0286
24.73,4.42948,-0.287975,95.0289
24.74,4.40353,-0.275649,95.0291
24.75,4.37765,-0.276733,95.0288
24.76,4.35935,-0.28467,95.0286
24.77,4.35463,-0.293241,95.0284
24.78,4.34589,-0.292065,95.0287
24.79,4.32296,-0.295677,95.0288
24.8,4.31672,-0.288436,95.0292
24.81,4.29587,-0.284939,95.0292
24.82,4.27685,-0.26266,95.03
24.83,4.23748,-0.26618,95.0284
24.84,4.20642,-0.267142,95.0283
24.85,4.16937,-0.274373,95.0279
24.86,4.1595,-0.286795,95.0268
24.87,4.16792,-0.267001,95.027
24.88,4.15289,-0.273797,95.0265
24.89,4.14621,-0.252096,95.0269
24.9,4.1182,-0.233459,95.0263
24.91,4.08053,-0.237661,95.0246
24.92,4.05162,-0.256523,95.0231
24.93,4.05702,-0.267243,95.0219
24.94,4.08191,-0.259792,95.0209
24.95,4.09837,-0.265986,95.0211
24.96,4.09551,-0.280447,95.0216
24.97,4.11361,-0.277673,95.0209
24.98,4.13531,-0.276853,95.0206
24.99,4.1374,-0.281471,95.0206
25,4.1422,-0.283293,95.0203
25.01,4.1328,-0.296022,95.0202
25.02,4.13383,-0.285444,95.0202
25.03,4.11838,-0.290947,95.02
25.04,4.12262,-0.260033,95.0207
25.05,4.09779,-0.223606,95.0191
25.06,4.06425,-0.19478,95.0176
25.07,4.01862,-0.199539,95.0138
25.08,3.97452,-0.188312,95.0145
25.09,3.94294,-0.183189,95.0141
25.1,3.91216,-0.181059,95.0138
25.11,3.88007,-0.177862,95.0138
25.12,3.85201,-0.174652,95.0138
25.13,3.82713,-0.17969,95.0131
25.14,3.80247,-0.182793,95.013
25.15,3.79734,-0.185361,95.0129
25.16,3.79029,-0.18428,95.0128
25.17,3.77857,-0.176354,95.0129
25.18,3.76896,-0.198336,95.0123
25.19,3.79097,-0.190009,95.0116
25.2,3.81298,-0.196707,95.0122
25.21,3.85669,-0.223348,95.0131
25.22,3.91546,-0.211255,95.0085
25.23,3.94034,-0.219421,95.0099
25.24,3.95883,-0.223643,95.01
25.25,3.96552,-0.236847,95.0108
25.26,3.98017,-0.236293,95.0104
25.27,3.99238,-0.230054,95.0103
25.28,3.98422,-0.234759,95.0105
25.29,3.98444,-0.216817,95.0108
25.3,3.97912,-0.210605,95.0107
25.31,3.93207,-0.211807,95.0099
25.32,3.88609,-0.231678,95.008
25.33,3.86335,-0.232512,95.0088
25.34,3.85564,-0.22846,95.0091
25.35,3.85929,-0.246344,95.0086
25.36,3.87346,-0.246079,95.008
25.37,3.86689,-0.232989,95.0077
25.38,3.85953,-0.223624,95.0077
25.39,3.82319,-0.224852,95.0071
25.4,3.77938,-0.240836,95.006
25.41,3.75508,-0.245222,95.0065
25.42,3.74211,-0.242617,95.0071
25.43,3.7312,-0.279495,95.0058
25.44,3.75467,-0.276961,95.0038
25.45,3.76354,-0.24726,95.0024
25.46,3.74757,-0.216519,95.0006
25.47,3.70435,-0.251946,94.9963
25.48,3.68572,-0.244437,94.998
25.49,3.66436,-0.219146,94.9994
25.5,3.62292,-0.206946,94.998
25.51,3.5688,-0.203991,94.9965
25.52,3.50376,-0.207385,94.9954
25.53,3.43856,-0.211665,94.9954
25.54,3.38178,-0.196583,94.999
25.55,3.31951,-0.198479,94.9969
25.56,3.2549,-0.186786,94.9992
25.57,3.16809,-0.204241,94.9941
25.58,3.11701,-0.199873,94.9972
25.59,3.06676,-0.188755,94.999
25.6,3.01802,-0.16104,95.0019
25.61,2.95203,-0.167904,94.9964
25.62,2.90183,-0.181745,94.9943
25.63,2.88232,-0.189166,94.9939
25.64,2.88078,-0.203235,94.9928
25.65,2.89408,-0.20311,94.9923
25.66,2.88881,-0.190805,94.9919
25.67,2.88322,-0.209508,94.9916
25.68,2.9093,-0.208018,94.9905
25.69,2.93816,-0.211467,94.9905
25.7,2.95323,-0.212453,94.9904
25.71,2.9691,-0.195115,94.9893
25.72,2.95729,-0.187239,94.9883
25.73,2.96739,-0.190768,94.9883
25.74,2.9825,-0.207438,94.9885
25.75,3.00098,-0.223692,94.9883
25.76,3.04249,-0.205133,94.9852
25.77,3.06756,-0.214033,94.987
25.78,3.09477,-0.210609,94.9862
25.79,3.11349,-0.205461,94.9859
25.8,3.13156,-0.211784,94.9864
25.81,3.17189,-0.211502,94.9857
25.82,3.21231,-0.213554,94.9856
25.83,3.22487,-0.218857,94.9862
25.84,3.23777,-0.201909,94.9852
25.85,3.24527,-0.196728,94.9853
25.86,3.23803,-0.190768,94.9849
25.87,3.21094,-0.191443,94.9844
25.88,3.17321,-0.18508,94.9847
25.89,3.13486,-0.20682,94.9817
25.9,3.1123,-0.206076,94.9828
25.91,3.08823,-0.195253,94.9837
25.92,3.07583,-0.181698,94.9843
25.93,3.06632,-0.189725,94.9834
25.94,3.07736,-0.208854,94.9825
25.95,3.10058,-0.227001,94.9815
25.96,3.11765,-0.22782,94.9804
25.97,3.12396,-0.212955,94.9793
25.98,3.12735,-0.244495,94.9802
25.99,3.17858,-0.233712,94.9758
26,3.22364,-0.248596,94.9782
26.01,3.28161,-0.252366,94.9765
26.02,3.33395,-0.252712,94.9757
26.03,3.3778,-0.244332,94.974
26.04,3.40196,-0.233434,94.9728
26.05,3.43973,-0.227445,94.9735
26.06,3.45849,-0.208116,94.9716
26.07,3.47035,-0.200485,94.9717
26.08,3.4775,-0.190448,94.9715
26.09,3.46392,-0.192088,94.9711
26.1,3.4453,-0.192207,94.9711
26.11,3.42385,-0.180566,94.9716
26.12,3.40136,-0.164718,94.972
26.13,3.35309,-0.178019,94.9687
26.14,3.31822,-0.150227,94.9733
26.15,3.26228,-0.1317,94.9719
26.16,3.20231,-0.152882,94.9646
26.17,3.17309,-0.176329,94.9608
26.18,3.16322,-0.179251,94.9605
26.19,3.15678,-0.183708,94.9602
26.2,3.1442,-0.186449,94.9604
26.21,3.15318,-0.19048,94.9601
26.22,3.15082,-0.199158,94.9605
26.23,3.15858,-0.196613,94.9605
26.24,3.1823,-0.179609,94.9604
26.25,3.1721,-0.182054,94.9604
26.26,3.13526,-0.192646,94.9606
26.27,3.10535,-0.216785,94.9594
26.28,3.10345,-0.19999,94.9614
26.29,3.08393,-0.209494,94.9609
26.3,3.08545,-0.197114,94.9618
26.31,3.08971,-0.18996,94.9622
26.32,3.10334,-0.179023,94.9628
26.33,3.10793,-0.181196,94.9634
26.34,3.11205,-0.204629,94.9642
26.35,3.12431,-0.209258,94.9636
26.36,3.13119,-0.220324,94.9642
26.37,3.14318,-0.208854,94.9637
26.38,3.13536,-0.209187,94.9639
26.39,3.13552,-0.22252,94.9639
26.4,3.15037,-0.227589,94.9635
26.41,3.17571,-0.229598,94.963
26.42,3.18742,-0.22418,94.9624
26.43,3.19656,-0.208503,94.9616
26.44,3.18032,-0.196749,94.9604
26.45,3.14984,-0.212282,94.9584
26.46,3.12994,-0.226296,94.9578
26.47,3.1343,-0.223034,94.9577
26.48,3.14092,-0.186568,94.9577
26.49,3.1136,-0.159902,94.9545
26.5,3.08324,-0.142773,94.9528
26.51,3.0333,-0.146013,94.949
26.52,2.99853,-0.174952,94.9438
26.53,2.97466,-0.199709,94.9422
26.54,2.99092,-0.203091,94.94
26.55,3.0023,-0.207564,94.9394
26.56,3.02211,-0.202531,94.9385
26.57,3.02498,-0.218743,94.9394
26.58,3.05513,-0.214965,94.9377
26.59,3.07291,-0.217532,94.9377
26.6,3.08821,-0.242207,94.9392
26.61,3.12199,-0.241516,94.9364
26.62,3.17572,-0.23665,94.9347
26.63,3.20652,-0.220199,94.9318
26.64,3.23865,-0.209339,94.9317
26.65,3.25036,-0.204663,94.9316
26.66,3.25879,-0.186835,94.9306
26.67,3.24759,-0.180623,94.9298
26.68,3.23234,-0.196244,94.9289
26.69,3.25348,-0.200054,94.9271
26.7,3.24766,-0.200081,94.9271
26.71,3.25943,-0.199491,94.927
26.72,3.264,-0.206863,94.9273
26.73,3.2811,-0.215179,94.9269
26.74,3.30782,-0.216722,94.9261
26.75,3.34836,-0.225089,94.9261
26.76,3.39866,-0.200138,94.9208
26.77,3.4087,-0.185715,94.9189
26.78,3.40544,-0.177179,94.9182
26.79,3.39898,-0.189273,94.9179
26.8,3.41901,-0.187865,94.9171
26.81,3.44352,-0.192438,94.9174
26.82,3.48492,-0.170467,94.9147
26.83,3.51347,-0.179337,94.918
26.84,3.55413,-0.205644,94.9204
26.85,3.62576,-0.215406,94.9154
26.86,3.68306,-0.188217,94.9058
26.87,3.69768,-0.180443,94.9052
26.88,3.70431,-0.179709,94.9056
26.89,3.72503,-0.184928,94.9063
26.9,3.73579,-0.205254,94.9081
26.91,3.75698,-0.191499,94.9062
26.92,3.7778,-0.19886,94.9076
26.93,3.79086,-0.194812,94.9073
26.94,3.79384,-0.182323,94.9069
26.95,3.77543,-0.17089,94.9063
26.96,3.75128,-0.165366,94.9058
26.97,3.73605,-0.159428,94.9061
26.98,3.72615,-0.153753,94.9062
26.99,3.70139,-0.175775,94.9049
27,3.70178,-0.17848,94.9044
27.01,3.69376,-0.179528,94.9046
27.02,3.69338,-0.188317,94.9043
27.03,3.69822,-0.188136,94.904
27.04,3.69404,-0.204306,94.9043
27.05,3.72565,-0.185249,94.9025
27.06,3.74463,-0.190438,94.904
27.07,3.7643,-0.191169,94.9039
27.08,3.79631,-0.176697,94.9025
27.09,3.80962,-0.176717,94.9031
27.1,3.81109,-0.187174,94.9036
27.11,3.82355,-0.195411,94.9032
27.12,3.8525,-0.188355,94.9016
27.13,3.85849,-0.175801,94.9002
27.14,3.84501,-0.179281,94.8996
27.15,3.84923,-0.168956,94.8996
27.16,3.85143,-0.174833,94.8995
27.17,3.86003,-0.173266,94.8992
27.18,3.87562,-0.162448,94.8987
27.19,3.869,-0.155878,94.8981
27.2,3.84171,-0.148666,94.8974
27.21,3.8019,-0.15959,94.8951
27.22,3.76085,-0.156672,94.8966
27.23,3.71027,-0.146696,94.8983
27.24,3.66058,-0.145778,94.897
27.25,3.60901,-0.152874,94.8951
27.26,3.56399,-0.15613,94.8954
27.27,3.51411,-0.152182,94.897
27.28,3.48222,-0.165184,94.8941
27.29,3.46338,-0.168699,94.8944
27.3,3.45945,-0.172114,94.8941
27.31,3.46047,-0.16084,94.8944
27.32,3.46686,-0.158933,94.8946
27.33,3.45786,-0.174853,94.8949
27.34,3.45449,-0.178256,94.8949
27.35,3.45718,-0.17306,94.8948
27.36,3.44983,-0.179531,94.8947
27.37,3.44939,-0.200334,94.8941
27.38,3.46448,-0.22572,94.8924
27.39,3.51277,-0.221418,94.8866
27.4,3.55104,-0.223555,94.8861
27.41,3.59225,-0.197688,94.8807
27.42,3.61176,-0.178416,94.8782
27.43,3.61074,-0.179239,94.8773
27.44,3.59662,-0.200854,94.8768
27.45,3.60075,-0.199015,94.8759
27.46,3.58459,-0.18542,94.8756
27.47,3.55535,-0.165505,94.8752
27.48,3.50839,-0.163619,94.8715
27.49,3.4649,-0.137527,94.8751
27.5,3.40887,-0.12344,94.8724
27.51,3.34888,-0.136408,94.865
27.52,3.29498,-0.136921,94.8665
27.53,3.24868,-0.127234,94.8692
27.54,3.18454,-0.156522,94.8607
27.55,3.14143,-0.163193,94.8634
27.56,3.0912,-0.167459,94.8648
27.57,3.04599,-0.16777,94.866
27.58,3.00008,-0.167404,94.8665
27.59,2.97448,-0.1784,94.8642
27.6,2.97077,-0.180859,94.8641
27.61,2.95547,-0.185142,94.8644
27.62,2.96179,-0.158867,94.8661
27.63,2.95469,-0.159691,94.8654
27.64,2.95416,-0.182495,94.8649
27.65,2.96815,-0.199417,94.8636
27.66,3.00735,-0.222474,94.8616
27.67,3.07764,-0.224296,94.8544
27.68,3.1425,-0.224239,94.8524
27.69,3.18985,-0.22562,94.8525
27.7,3.25111,-0.210947,94.8484
27.71,3.28554,-0.192797,94.8449
27.72,3.31015,-0.187973,94.8458
27.73,3.32009,-0.18901,94.8464
27.74,3.32291,-0.163218,94.8447
27.75,3.29628,-0.155745,94.8419
27.76,3.26012,-0.156465,94.8401
27.77,3.21139,-0.16187,94.839
27.78,3.16509,-0.169067,94.8383
27.79,3.13588,-0.184228,94.8359
27.8,3.12304,-0.166076,94.8392
27.81,3.10765,-0.174224,94.838
27.82,3.08897,-0.157248,94.8396
27.83,3.05066,-0.162756,94.837
27.84,3.01828,-0.158748,94.8376
27.85,2.96424,-0.153492,94.8375
27.86,2.8992,-0.146597,94.8376
27.87,2.8338,-0.168835,94.8288
27.88,2.79683,-0.144707,94.8384
27.89,2.74326,-0.13364,94.8362
27.9,2.68614,-0.106094,94.8395
27.91,2.61536,-0.114519,94.8288
27.92,2.57499,-0.10568,94.8319
27.93,2.5055,-0.112419,94.8281
27.94,2.45383,-0.137128,94.821
27.95,2.41791,-0.142513,94.8228
27.96,2.38116,-0.150841,94.8227
27.97,2.35893,-0.154438,94.8231
27.98,2.35787,-0.160442,94.8223
27.99,2.36734,-0.174582,94.8217
28,2.38279,-0.176054,94.8207
28.01,2.40691,-0.18175,94.8206
28.02,2.43472,-0.187773,94.8204
28.03,2.47408,-0.188916,94.8192
28.04,2.50723,-0.197176,94.82
28.05,2.54963,-0.183644,94.816
28.06,2.57268,-0.188184,94.8177
28.07,2.58706,-0.203408,94.8192
28.08,2.62766,-0.203395,94.8165
28.09,2.66457,-0.207286,94.8164
28.1,2.70446,-0.221378,94.8179
28.11,2.76009,-0.181396,94.8066
28.12,2.78329,-0.171971,94.8071
28.13,2.77608,-0.156945,94.8041
28.14,2.77349,-0.156375,94.8036
28.15,2.78059,-0.166268,94.8033
28.16,2.81245,-0.161089,94.8017
28.17,2.84475,-0.160193,94.8018
28.18,2.89541,-0.1408,94.7987
28.19,2.92464,-0.142099,94.8011
28.2,2.93662,-0.15952,94.8043
28.21,2.96067,-0.167525,94.8034
28.22,2.97339,-0.157331,94.8018
28.23,2.9647,-0.15582,94.8014
28.24,2.96888,-0.178411,94.801
28.25,2.97655,-0.190778,94.8005
28.26,2.99477,-0.178196,94.7988
28.27,3.01916,-0.192943,94.801
28.28,3.03696,-0.195187,94.8003
28.29,3.0602,-0.183765,94.7987
28.3,3.04604,-0.174124,94.7972
28.31,3.03581,-0.171733,94.7967
28.32,3.03377,-0.172403,94.7965
28.33,3.02251,-0.17817,94.7964
28.34,3.01619,-0.183146,94.7963
28.35,3.01828,-0.182649,94.7961
28.36,3.01058,-0.176545,94.7962
28.37,2.99136,-0.202232,94.7952
28.38,2.97207,-0.209075,94.7968
28.39,2.96269,-0.209033,94.7976
28.4,2.95596,-0.185387,94.7993
28.41,2.92982,-0.200934,94.7967
28.42,2.91937,-0.193006,94.7985
28.43,2.90338,-0.178749,94.7994
28.44,2.87654,-0.168964,94.7988
28.45,2.83998,-0.184743,94.7953
28.46,2.81356,-0.19095,94.7961
28.47,2.79137,-0.188551,94.7978
28.48,2.77937,-0.178484,94.7994
28.49,2.74965,-0.191956,94.7976
28.5,2.73362,-0.176177,94.8012
28.51,2.71915,-0.153508,94.8028
28.52,2.68981,-0.150168,94.8
28.53,2.66334,-0.150145,94.7994
28.54,2.6419,-0.165176,94.7973
28.55,2.64211,-0.1562,94.7982
28.56,2.64709,-0.154906,94.7985
28.57,2.64977,-0.150289,94.7985
28.58,2.64088,-0.140313,94.7983
28.59,2.62773,-0.144933,94.7975
28.6,2.61471,-0.132036,94.7984
28.61,2.58544,-0.126774,94.7973
28.62,2.56536,-0.124831,94.797
28.63,2.55806,-0.124919,94.7968
28.64,2.53756,-0.128626,94.7967
28.65,2.53725,-0.105463,94.799
28.66,2.53781,-0.0936815,94.7996
28.67,2.5282,-0.103676,94.7992
28.68,2.51473,-0.149001,94.7977
28.69,2.52977,-0.118372,94.7963
28.7,2.52063,-0.115778,94.7952
28.71,2.50659,-0.131048,94.7943
28.72,2.51607,-0.149725,94.7924
28.73,2.53499,-0.161464,94.7908
28.74,2.57023,-0.171392,94.7891
28.75,2.59752,-0.190217,94.7909
28.76,2.62702,-0.199648,94.7896
28.77,2.64646,-0.197306,94.7881
28.78,2.66633,-0.214333,94.7901
28.79,2.71653,-0.207574,94.7855
28.8,2.75302,-0.215128,94.7877
28.81,2.79544,-0.237434,94.7909
28.82,2.83804,-0.233617,94.7855
28.83,2.86858,-0.228748,94.7839
28.84,2.89885,-0.224025,94.7834
28.85,2.92445,-0.196977,94.779
28.86,2.92842,-0.179333,94.7765
28.87,2.89473,-0.162524,94.7719
28.88,2.84889,-0.140383,94.7698
28.89,2.79949,-0.112339,94.7698
28.9,2.73374,-0.0977512,94.7634
28.91,2.67435,-0.105358,94.7541
28.92,2.63633,-0.0952899,94.7565
28.93,2.59905,-0.119922,94.7482
28.94,2.58351,-0.127972,94.7463
28.95,2.57096,-0.129475,94.7456
28.96,2.56562,-0.120364,94.7456
28.97,2.55854,-0.12757,94.7447
28.98,2.54043,-0.127635,94.7449
28.99,2.53049,-0.155397,94.7423
29,2.5553,-0.155445,94.7382
29.01,2.5828,-0.157396,94.7369
29.02,2.61912,-0.167635,94.7372
29.03,2.67829,-0.19314,94.7389
29.04,2.75455,-0.208504,94.7338
29.05,2.83312,-0.224418,94.7322
29.06,2.93563,-0.223215,94.7211
29.07,3.0287,-0.227474,94.7199
29.08,3.11321,-0.229268,94.7169
29.09,3.18958,-0.231997,94.7158
29.1,3.2689,-0.241432,94.7178
29.11,3.35091,-0.244669,94.7152
29.12,3.43633,-0.232227,94.7066
29.13,3.49904,-0.224327,94.7041
29.14,3.5526,-0.23378,94.7084
29.15,3.60049,-0.226352,94.7041
29.16,3.64012,-0.22647,94.7046
29.17,3.67376,-0.237159,94.7071
29.18,3.72634,-0.216969,94.7004
29.19,3.74697,-0.186186,94.6926
29.2,3.74051,-0.174923,94.6884
29.21,3.72005,-0.180277,94.6852
29.22,3.71996,-0.188073,94.6828
29.23,3.72141,-0.163472,94.6817
29.24,3.70409,-0.167374,94.679
29.25,3.68059,-0.165905,94.6782
29.26,3.6509,-0.171742,94.6765
29.27,3.62717,-0.173721,94.6762
29.28,3.58771,-0.168543,94.6772
29.29,3.53091,-0.175252,94.6746
29.3,3.49997,-0.154696,94.6818
29.31,3.45575,-0.172542,94.6748
29.32,3.44301,-0.157255,94.6793
29.33,3.41587,-0.159982,94.6778
29.34,3.38568,-0.16213,94.6777
29.35,3.36989,-0.173798,94.6759
29.36,3.37639,-0.168481,94.6759
29.37,3.37292,-0.183289,94.6761
29.38,3.36685,-0.182657,94.6765
29.39,3.35524,-0.173166,94.6771
29.4,3.33204,-0.164499,94.677
29.41,3.31657,-0.172585,94.6754
29.42,3.31152,-0.157046,94.6768
29.43,3.28009,-0.140195,94.6755
29.44,3.22962,-0.143608,94.67
29.45,3.18798,-0.142095,94.6692
29.46,3.15956,-0.14119,94.6683
29.47,3.15668,-0.129348,94.6698
29.48,3.15336,-0.127496,94.6697
29.49,3.15711,-0.135444,94.6694
29.5,3.17686,-0.143223,94.6684
29.51,3.18809,-0.135703,94.6667
29.52,3.17687,-0.143957,94.6664
29.53,3.17024,-0.167129,94.6652
29.54,3.17265,-0.181932,94.6636
29.55,3.17648,-0.188142,94.6626
29.56,3.17994,-0.179462,94.6617
29.57,3.15796,-0.194741,94.661
29.58,3.16089,-0.203308,94.6592
29.59,3.17911,-0.184684,94.6574
29.6,3.17977,-0.165779,94.6553
29.61,3.16367,-0.167433,94.6528
29.62,3.15759,-0.157552,94.6525
29.63,3.16036,-0.154425,94.6523
29.64,3.18336,-0.154275,94.6524
29.65,3.20553,-0.140154,94.6505
29.66,3.20041,-0.126203,94.648
29.67,3.17394,-0.153497,94.6451
29.68,3.17028,-0.132729,94.6475
29.69,3.14732,-0.137328,94.6453
29.7,3.11919,-0.144472,94.6443
29.71,3.10233,-0.13851,94.6459
29.72,3.09479,-0.124321,94.6476
29.73,3.0774,-0.117665,94.6471
29.74,3.06714,-0.112628,94.6473
29.75,3.04584,-0.108136,94.6471
29.76,3.00933,-0.0959216,94.6476
29.77,2.95743,-0.105743,94.642
29.78,2.92545,-0.100744,94.6447
29.79,2.87777,-0.12931,94.6374
29.8,2.86211,-0.124622,94.641
29.81,2.86293,-0.119533,94.6418
29.82,2.86143,-0.135538,94.6413
29.83,2.87161,-0.142944,94.6405
29.84,2.87428,-0.140445,94.6403
29.85,2.87017,-0.158977,94.6408
29.86,2.88144,-0.152306,94.6399
29.87,2.89391,-0.143588,94.6396
29.88,2.91526,-0.141435,94.6404
29.89,2.93429,-0.139114,94.6404
29.9,2.93754,-0.127196,94.6388
29.91,2.93151,-0.111006,94.6378
29.92,2.89928,-0.106471,94.6348
29.93,2.85478,-0.123367,94.6303
29.94,2.83717,-0.110739,94.6354
29.95,2.81454,-0.0808659,94.6383
29.96,2.76411,-0.0869203,94.6289
29.97,2.72726,-0.103583,94.6239
29.98,2.71776,-0.117701,94.6211
29.99,2.70795,-0.119453,94.6217
30,2.7043,-0.122092,94.6216
