0.01,0.00187358,0.00118257,0.00072653
0.02,0.00366696,0.00244535,0.00129267
0.03,0.00550607,0.00370249,0.00182998
0.04,0.00730749,0.00483407,0.00234046
0.05,0.00891344,0.00596921,0.00282599
0.06,0.0102975,0.00678681,0.00324817
0.07,0.0115955,0.00754973,0.00365156
0.08,0.012653,0.00826181,0.00399737
0.09,0.0136474,0.00880629,0.0042896
0.1,0.0144626,0.00939543,0.00457215
0.11,0.0152718,0.0101063,0.00488583
0.12,0.015995,0.0106497,0.00510806
0.13,0.016558,0.0114383,0.00532557
0.14,0.0171327,0.0122546,0.00549853
0.15,0.017718,0.0130564,0.00563004
0.16,0.0181929,0.0138848,0.00580324
0.17,0.0186054,0.0146979,0.00593497
0.18,0.0191602,0.0153765,0.00602811
0.19,0.0198074,0.0160903,0.00616561
0.2,0.0203398,0.016877,0.00622408
0.21,0.020926,0.0173707,0.00620891
0.22,0.0214018,0.017712,0.0061654
0.23,0.0219754,0.0179919,0.00613567
0.24,0.0225197,0.018335,0.00607871
0.25,0.0230367,0.0186567,0.00599637
0.26,0.0236085,0.0190788,0.00585039
0.27,0.0240308,0.0193535,0.00576544
0.28,0.0243142,0.0196516,0.00585763
0.29,0.0247489,0.0199715,0.00599424
0.3,0.0250438,0.0201513,0.00609188
0.31,0.0251283,0.0204814,0.0061935
0.32,0.0251375,0.0209515,0.00629884
0.33,0.025197,0.0214714,0.00640758
0.34,0.0252231,0.0219976,0.0065997
0.35,0.0251779,0.0223692,0.00678906
0.36,0.0251067,0.0227574,0.00693583
0.37,0.0250112,0.0233216,0.00712327
0.38,0.0250135,0.0241295,0.00742878
0.39,0.0250264,0.0248433,0.00768353
0.4,0.0250492,0.0255499,0.00789111
0.41,0.0248807,0.0264903,0.00797471
0.42,0.0246947,0.0273274,0.00798297
0.43,0.0245325,0.0280283,0.00796126
0.44,0.0242722,0.0287228,0.00803205
0.45,0.0241613,0.0294915,0.00806857
0.46,0.0241491,0.0301289,0.00799293
0.47,0.0242289,0.0307242,0.00793334
0.48,0.0241535,0.0312803,0.00796888
0.49,0.0241744,0.0316797,0.00801264
0.5,0.0242047,0.0321741,0.00806413
0.51,0.0241635,0.0326364,0.00824308
0.52,0.0241361,0.0330288,0.00834003
0.53,0.0240411,0.0335568,0.00828058
0.54,0.0240437,0.0339301,0.00819589
0.55,0.0239768,0.0341595,0.00816793
0.56,0.0238051,0.0342952,0.00803232
0.57,0.0236962,0.0344241,0.00779663
0.58,0.0238063,0.0344662,0.00758816
0.59,0.0238394,0.0344679,0.0073649
0.6,0.023921,0.0345122,0.00720815
0.61,0.0240479,0.034596,0.00707314
0.62,0.0241366,0.0347968,0.00691827
0.63,0.0243503,0.0349059,0.00674485
0.64,0.0244394,0.0351303,0.00655426
0.65,0.0246936,0.0352614,0.00634763
0.66,0.0247804,0.0353458,0.00612608
0.67,0.0247515,0.035507,0.00589072
0.68,0.0248559,0.0358199,0.00576287
0.69,0.0250842,0.0362739,0.0056949
0.7,0.0252672,0.036819,0.00560238
0.71,0.025368,0.037529,0.00556728
0.72,0.0253925,0.0383122,0.00558556
0.73,0.0253459,0.0391233,0.00573365
0.74,0.0252733,0.0398802,0.00584203
0.75,0.0250964,0.0404262,0.00611392
0.76,0.0250229,0.0408563,0.0063775
0.77,0.0249655,0.0410984,0.00671352
0.78,0.024963,0.0412058,0.00703671
0.79,0.0248512,0.0412682,0.00730791
0.8,0.0245575,0.0414089,0.00761101
0.81,0.0242551,0.0416627,0.00786359
0.82,0.0241052,0.0419413,0.00822958
0.83,0.0239364,0.0420827,0.00862075
0.84,0.0237504,0.0420964,0.00911556
0.85,0.0235079,0.0420715,0.00958647
0.86,0.0232131,0.0421713,0.0100352
0.87,0.0230299,0.0422667,0.0105034
0.88,0.0229908,0.0424381,0.0109496
0.89,0.0230453,0.0426403,0.011255
0.9,0.0230669,0.0429512,0.01163
0.91,0.0231378,0.0431627,0.0119494
0.92,0.0231744,0.0435625,0.0121771
0.93,0.0232595,0.0438566,0.0124396
0.94,0.0234296,0.0441327,0.0126545
0.95,0.0235986,0.044352,0.0128249
0.96,0.0238068,0.0444783,0.012994
0.97,0.0240512,0.0445983,0.013122
0.98,0.0241692,0.0446723,0.013332
0.99,0.0242096,0.0446635,0.0136182
1,0.024298,0.0446177,0.0138951
1.01,0.024311,0.0445376,0.0141634
1.02,0.0241733,0.0444657,0.0143434
1.03,0.0239759,0.0444416,0.0144414
1.04,0.0237229,0.0444618,0.0145834
1.05,0.0235386,0.0444029,0.0147261
1.06,0.0235385,0.0443506,0.0149498
1.07,0.023429,0.0443046,0.0152088
1.08,0.0234984,0.0444649,0.0154604
1.09,0.0236539,0.0446567,0.0156651
1.1,0.0238896,0.0448777,0.015786
1.11,0.0239993,0.0450858,0.0159092
1.12,0.0241121,0.0453622,0.0160345
1.13,0.0242278,0.0456619,0.0160416
1.14,0.0243462,0.0458228,0.0160588
1.15,0.024427,0.0460152,0.0160054
1.16,0.0243125,0.0462368,0.0160066
1.17,0.0240965,0.0464054,0.0159382
1.18,0.0238663,0.0465246,0.0159254
1.19,0.0237433,0.0466781,0.0159645
1.2,0.02372,0.0468234,0.0160516
1.21,0.0235889,0.0468809,0.0161434
1.22,0.023558,0.0468969,0.0161592
1.23,0.0234999,0.046794,0.0161445
1.24,0.0234566,0.0467811,0.0161016
1.25,0.0234674,0.0468117,0.0161125
1.26,0.0236888,0.0467626,0.0160933
1.27,0.0239456,0.0468398,0.0160862
1.28,0.024115,0.0467938,0.0160903
1.29,0.0241631,0.0467135,0.0160246
1.3,0.0242989,0.0466815,0.0160545
1.31,0.0243557,0.0466544,0.0159728
1.32,0.0244594,0.0465515,0.0157872
1.33,0.0246067,0.046298,0.0155851
1.34,0.0247546,0.0459846,0.015448
1.35,0.024903,0.0458962,0.0152511
1.36,0.0249715,0.0456161,0.0150386
1.37,0.0250862,0.045318,0.0148918
1.38,0.0251235,0.0449231,0.0147258
1.39,0.0250085,0.0445985,0.014502
1.4,0.0251129,0.0441788,0.0143447
1.41,0.025261,0.0438312,0.0141289
1.42,0.0256502,0.0435105,0.0140192
1.43,0.0259428,0.0431747,0.013928
1.44,0.0262257,0.0426644,0.0138537
1.45,0.0262992,0.0421924,0.0138356
1.46,0.0262179,0.0417961,0.0137492
1.47,0.0261933,0.0412296,0.0137598
1.48,0.0262213,0.0406652,0.0137001
1.49,0.0261377,0.0401429,0.013535
1.5,0.0260307,0.0399406,0.0133523
1.51,0.0259019,0.0397951,0.0131129
1.52,0.0257127,0.0396222,0.0128208
1.53,0.0256278,0.0395442,0.0126803
1.54,0.0255196,0.0394341,0.0125603
1.55,0.0253095,0.0394546,0.0124595
1.56,0.0250849,0.0394762,0.0124567
1.57,0.024887,0.0393784,0.0126253
1.58,0.0247136,0.0393302,0.0127126
1.59,0.0244029,0.0392879,0.0128447
1.6,0.0241649,0.0391308,0.0130183
1.61,0.0240747,0.0389472,0.0131504
1.62,0.0240418,0.0385784,0.0133641
1.63,0.0239818,0.0382381,0.0134533
1.64,0.024017,0.0377637,0.0134266
1.65,0.0240205,0.0373251,0.0134927
1.66,0.0240747,0.0368797,0.013565
1.67,0.0239355,0.0363476,0.013683
1.68,0.0238168,0.0358554,0.0138035
1.69,0.023597,0.03536,0.0139263
1.7,0.0234434,0.0349822,0.0140111
1.71,0.0233115,0.0347536,0.0141009
1.72,0.0231193,0.0344635,0.0141148
1.73,0.0230316,0.034116,0.0140984
1.74,0.0230412,0.0336751,0.0141339
1.75,0.023101,0.0331072,0.0141376
1.76,0.0231272,0.0325415,0.0139511
1.77,0.0231624,0.0318978,0.0137484
1.78,0.023246,0.0312615,0.0135304
1.79,0.0232946,0.0305119,0.0134587
1.8,0.0233907,0.0299778,0.0133226
1.81,0.0234909,0.0294034,0.0132068
1.82,0.0237152,0.0288718,0.0130697
1.83,0.0237743,0.0285404,0.012953
1.84,0.0237999,0.0282348,0.0127751
1.85,0.0237141,0.0281939,0.0125402
1.86,0.0236453,0.0281182,0.0124127
1.87,0.0235921,0.0280504,0.012345
1.88,0.0237139,0.0279497,0.0123328
1.89,0.0237979,0.0277384,0.0122922
1.9,0.023927,0.0274642,0.012265
1.91,0.0240578,0.0271315,0.0121703
1.92,0.0242705,0.0268648,0.0121732
1.93,0.0244792,0.0268199,0.0121466
1.94,0.0248445,0.0268208,0.0120925
1.95,0.0251951,0.0267039,0.0120128
1.96,0.025572,0.0267181,0.0119094
1.97,0.0258933,0.0266536,0.0118641
1.98,0.0263233,0.026516,0.0118326
1.99,0.0268543,0.0264708,0.0118141
2,0.0275193,0.0261105,0.0116872
2.01,0.0281888,0.0259785,0.0116602
2.02,0.0289426,0.0258584,0.0115657
2.03,0.0298148,0.0257492,0.0115687
2.04,0.0305968,0.0255298,0.0116223
2.05,0.0312546,0.0252882,0.0116829
2.06,0.0318772,0.0250662,0.0116698
2.07,0.0324671,0.0248623,0.0117085
2.08,0.0330265,0.0247955,0.0117151
2.09,0.0335174,0.0247359,0.0117722
2.1,0.0338645,0.025044,0.0118362
2.11,0.0340378,0.0253733,0.0119065
2.12,0.0342899,0.025682,0.0120227
2.13,0.0345754,0.0258112,0.0121014
2.14,0.0348116,0.0258137,0.0122654
2.15,0.0351224,0.0258184,0.012509
2.16,0.0353019,0.0258655,0.0127863
2.17,0.0356001,0.0260321,0.0131353
2.18,0.0357277,0.0260292,0.0133903
2.19,0.0356969,0.026029,0.0136382
2.2,0.0357191,0.0259914,0.0137992
2.21,0.0358308,0.0257985,0.01408
2.22,0.0359456,0.0255815,0.0143919
2.23,0.0361434,0.0255828,0.0146528
2.24,0.0363782,0.0255064,0.0149462
2.25,0.0365675,0.0253576,0.01531
2.26,0.0367142,0.0252618,0.0156992
2.27,0.0368213,0.0250149,0.0161119
2.28,0.037012,0.0246675,0.0164262
2.29,0.0371601,0.024347,0.0167292
2.3,0.0372685,0.0241718,0.0170619
2.31,0.0374604,0.0239713,0.0173821
2.32,0.0377299,0.0237473,0.0176505
2.33,0.0380315,0.0235817,0.017951
2.34,0.0383228,0.0233499,0.0183213
2.35,0.0385244,0.023137,0.0185562
2.36,0.0386023,0.0228613,0.0188254
2.37,0.0387258,0.0226475,0.0192069
2.38,0.0387311,0.0225315,0.0194923
2.39,0.0386666,0.0224262,0.0196882
2.4,0.0384169,0.0222106,0.019841
2.41,0.0381955,0.022173,0.020034
2.42,0.0378,0.0221005,0.0201842
2.43,0.0374028,0.0220357,0.0202543
2.44,0.0370441,0.0220183,0.0200897
2.45,0.0366412,0.0219244,0.0199474
2.46,0.0363174,0.0218397,0.0197455
2.47,0.0359469,0.021563,0.0196085
2.48,0.0356131,0.0214686,0.019532
2.49,0.0353136,0.0213031,0.0195518
2.5,0.0349256,0.0211517,0.0196211
2.51,0.0345756,0.0211338,0.0196562
2.52,0.0341807,0.0209593,0.0196594
2.53,0.0337441,0.0209198,0.0198738
2.54,0.0333889,0.0208455,0.0200037
2.55,0.0330294,0.0206587,0.0201351
2.56,0.0327059,0.0203672,0.0203082
2.57,0.0325361,0.0201389,0.0203997
2.58,0.0324292,0.0200093,0.0204555
2.59,0.0324208,0.019811,0.0205581
2.6,0.0323436,0.0195892,0.0206644
2.61,0.032403,0.0193453,0.0207739
2.62,0.032469,0.0192013,0.0208063
2.63,0.032461,0.0191101,0.020767
2.64,0.0324644,0.0190278,0.0207011
2.65,0.0324382,0.0189941,0.0205303
2.66,0.0323845,0.0188851,0.0203019
2.67,0.032185,0.0188665,0.0200201
2.68,0.0320905,0.018892,0.0197287
2.69,0.0319733,0.0188781,0.0195486
2.7,0.0317549,0.0189077,0.0194722
2.71,0.0316027,0.0188978,0.0192914
2.72,0.0314319,0.018811,0.0191341
2.73,0.0312437,0.0189333,0.0189986
2.74,0.0309993,0.0189694,0.0188833
2.75,0.0307829,0.0191661,0.0186265
2.76,0.0305522,0.0193917,0.0183583
2.77,0.0303887,0.0194837,0.0181196
2.78,0.0302074,0.0195317,0.0179885
2.79,0.0300094,0.0195789,0.0178774
2.8,0.0298362,0.0197056,0.0177848
2.81,0.0297662,0.0196655,0.0177094
2.82,0.0297519,0.0196709,0.0176099
2.83,0.0297495,0.0195984,0.017488
2.84,0.0295576,0.0195735,0.0173452
2.85,0.0293899,0.0196333,0.0171832
2.86,0.0292447,0.0197315,0.0169229
2.87,0.0290403,0.0199458,0.0166516
2.88,0.0288209,0.0200674,0.0165303
2.89,0.0285476,0.0202231,0.0164283
2.9,0.0284245,0.0203304,0.0163842
2.91,0.0283209,0.0204328,0.0162737
2.92,0.0280348,0.0205706,0.0161818
2.93,0.0278197,0.0207415,0.016067
2.94,0.0277908,0.0207426,0.0159708
2.95,0.0277348,0.0206258,0.0159723
2.96,0.0276133,0.0204796,0.0159844
2.97,0.0273908,0.0203462,0.0160867
2.98,0.0271546,0.0201445,0.0161123
2.99,0.0267052,0.0199194,0.0161869
3,0.0263381,0.0196725,0.0162269
3.01,0.0259675,0.0193251,0.0161946
3.02,0.0256336,0.0190047,0.0161754
3.03,0.0252136,0.0187894,0.0162885
3.04,0.0247536,0.018712,0.0163645
3.05,0.0242966,0.0186427,0.0164459
3.06,0.0238824,0.018701,0.0165725
3.07,0.0234278,0.0187177,0.0167812
3.08,0.0229758,0.0186556,0.0169459
3.09,0.0226064,0.0187207,0.0171499
3.1,0.0221934,0.0189443,0.0173104
3.11,0.0216999,0.0191948,0.0175907
3.12,0.0212919,0.0193502,0.0179023
3.13,0.0209232,0.0194571,0.0181626
3.14,0.020511,0.0195591,0.0182952
3.15,0.0200582,0.0195764,0.018349
3.16,0.0196078,0.0196753,0.01849
3.17,0.0190795,0.0198099,0.0185517
3.18,0.0184786,0.0198173,0.0185797
3.19,0.0180911,0.0198669,0.0185362
3.2,0.0177013,0.0197151,0.0185065
3.21,0.0173497,0.0196567,0.0184495
3.22,0.0170737,0.0196451,0.0184073
3.23,0.0167877,0.0196769,0.0184992
3.24,0.0164925,0.0197491,0.0185552
3.25,0.0161485,0.0197387,0.0186181
3.26,0.0158395,0.0196112,0.0188076
3.27,0.015563,0.019455,0.0191148
3.28,0.0152766,0.0194327,0.0194515
3.29,0.0150612,0.0194545,0.0197754
3.3,0.0148316,0.0193571,0.0201274
3.31,0.014669,0.0191889,0.0205858
3.32,0.0144886,0.0191151,0.0209828
3.33,0.0142113,0.019009,0.0214029
3.34,0.0141647,0.0188728,0.0218443
3.35,0.0141323,0.0187086,0.0221855
3.36,0.0140728,0.0184783,0.0224733
3.37,0.0141085,0.0185073,0.0227117
3.38,0.0141526,0.0183763,0.0229442
3.39,0.0140841,0.0180166,0.0230507
3.4,0.0139108,0.0178048,0.0231205
3.41,0.0137204,0.0175704,0.023156
3.42,0.013514,0.0173149,0.0231596
3.43,0.0134131,0.01716,0.0232139
3.44,0.01325,0.0171789,0.0233553
3.45,0.0129887,0.0172793,0.0234175
3.46,0.0127164,0.0172148,0.0233656
3.47,0.012474,0.0171575,0.0232881
3.48,0.0122594,0.0171468,0.0231866
3.49,0.0121509,0.0170191,0.0231831
3.5,0.0120608,0.0168226,0.0232308
3.51,0.0119477,0.0166426,0.0231655
3.52,0.0119336,0.0163172,0.0230754
3.53,0.0120516,0.0160974,0.0230024
3.54,0.0122123,0.0158555,0.0229051
3.55,0.0122923,0.0155127,0.0228254
3.56,0.0122974,0.0152768,0.0226417
3.57,0.0123129,0.0148995,0.0224815
3.58,0.0123782,0.0145913,0.0223433
3.59,0.0124097,0.0143473,0.0222256
3.6,0.0124098,0.0140027,0.0220065
3.61,0.0124206,0.0137248,0.0218536
3.62,0.0124014,0.0135091,0.0218024
3.63,0.0123142,0.0133913,0.0216452
3.64,0.0122038,0.0131238,0.0214295
3.65,0.0120317,0.0129579,0.0211996
3.66,0.0118423,0.0129666,0.0209564
3.67,0.0117573,0.0128168,0.0207009
3.68,0.0115687,0.0128004,0.0203938
3.69,0.0112838,0.0127878,0.0200789
3.7,0.0109094,0.0128187,0.0197967
3.71,0.0105319,0.0127697,0.0194649
3.72,0.0101515,0.0128472,0.0190868
3.73,0.009969,0.0129618,0.018786
3.74,0.0098502,0.0129908,0.0184368
3.75,0.00979066,0.0130203,0.0181228
3.76,0.00982633,0.0129702,0.0178416
3.77,0.00987035,0.0130865,0.0176309
3.78,0.0100424,0.0130769,0.0174055
3.79,0.0103336,0.0131107,0.0172067
3.8,0.010535,0.0131446,0.0171128
3.81,0.0106931,0.0132189,0.016956
3.82,0.010891,0.0132103,0.0168209
3.83,0.0110859,0.0131648,0.0167461
3.84,0.0112379,0.0132052,0.0166873
3.85,0.01135,0.0132454,0.0166434
3.86,0.0113848,0.0133254,0.0165331
3.87,0.0112676,0.013242,0.0164412
3.88,0.0112496,0.013167,0.0163264
3.89,0.0112838,0.0130196,0.0161903
3.9,0.0112463,0.0130054,0.0161146
3.91,0.0113024,0.0128343,0.0160148
3.92,0.0113253,0.0126778,0.0160129
3.93,0.0113976,0.0124144,0.0159818
3.94,0.0115157,0.0120518,0.0158433
3.95,0.0116363,0.0117973,0.0156851
3.96,0.0116792,0.0115632,0.015629
3.97,0.0117299,0.0114283,0.0155474
3.98,0.0117477,0.0112252,0.0154021
3.99,0.0117351,0.0111591,0.0155183
4,0.011694,0.0109799,0.0157575
4.01,0.0115865,0.0108559,0.0160308
4.02,0.0115776,0.0107431,0.0163358
4.03,0.0116202,0.0106809,0.0166302
4.04,0.0117509,0.0106257,0.0169148
4.05,0.0118833,0.010657,0.0171501
4.06,0.0120573,0.0105685,0.0172995
4.07,0.0122701,0.0105288,0.017409
4.08,0.0125189,0.0103741,0.0175617
4.09,0.0126408,0.0103131,0.017554
4.1,0.0127248,0.0103391,0.0176379
4.11,0.0128139,0.0104059,0.0176464
4.12,0.0129877,0.0105108,0.017625
4.13,0.0130398,0.0107312,0.0175357
4.14,0.0130992,0.011019,0.0175436
4.15,0.0131652,0.0112892,0.0175617
4.16,0.013077,0.011543,0.0175491
4.17,0.0131262,0.0117415,0.0176284
4.18,0.0131025,0.0118886,0.0176327
4.19,0.0130913,0.0118274,0.0177276
4.2,0.0130115,0.0118132,0.0177865
4.21,0.0128278,0.0116822,0.017852
4.22,0.012748,0.0116031,0.0180039
4.23,0.0125643,0.0116924,0.018196
4.24,0.0124845,0.0118583,0.0184256
4.25,0.0125014,0.0121354,0.0186098
4.26,0.0123675,0.0122754,0.0189522
4.27,0.0121335,0.0125685,0.0194017
4.28,0.0121273,0.0128036,0.0198707
4.29,0.0122125,0.0130649,0.0202775
4.3,0.0122625,0.013511,0.0205462
4.31,0.0123198,0.0139686,0.0206866
4.32,0.0122235,0.0143166,0.0207878
4.33,0.0121848,0.0146427,0.0208525
4.34,0.0121196,0.0148684,0.0208834
4.35,0.0121499,0.0151209,0.0208426
4.36,0.0122292,0.0153182,0.0209758
4.37,0.0123137,0.0156647,0.0211907
4.38,0.0123229,0.0160296,0.0214014
4.39,0.0123423,0.0164918,0.0215679
4.4,0.0122509,0.0168842,0.0217737
4.41,0.0121365,0.0172516,0.0218955
4.42,0.0120811,0.0177162,0.0219394
4.43,0.0121607,0.0179504,0.0219509
4.44,0.0122055,0.0181707,0.0218519
4.45,0.0120974,0.018298,0.0216503
4.46,0.0119276,0.0184992,0.0214736
4.47,0.0118205,0.0185284,0.0212799
4.48,0.0116515,0.0185181,0.0210302
4.49,0.0115053,0.0186313,0.0209692
4.5,0.0114202,0.0185386,0.0209633
4.51,0.0114322,0.0184951,0.0210087
4.52,0.0114542,0.0183369,0.0211017
4.53,0.0116057,0.0183126,0.0211589
4.54,0.0118377,0.0181723,0.0211827
4.55,0.0122247,0.017924,0.0212557
4.56,0.0126356,0.0176556,0.0212541
4.57,0.0130285,0.0176091,0.0212233
4.58,0.0134047,0.0176487,0.021045
4.59,0.0138456,0.0177282,0.0208097
4.6,0.0142263,0.0177645,0.0206818
4.61,0.0145912,0.0177608,0.0204934
4.62,0.0148211,0.0177599,0.0202086
4.63,0.0150858,0.0176815,0.0199946
4.64,0.0153829,0.0175309,0.0198464
4.65,0.0157102,0.0173533,0.0197193
4.66,0.0161056,0.0172708,0.019652
4.67,0.0164441,0.0171967,0.0196804
4.68,0.0168901,0.0170903,0.0197175
4.69,0.0173557,0.017034,0.0196425
4.7,0.0177595,0.016904,0.0195433
4.71,0.0181057,0.0169059,0.019502
4.72,0.0185588,0.0169504,0.0194743
4.73,0.0190312,0.016834,0.0194192
4.74,0.0195615,0.0167683,0.0193385
4.75,0.0199853,0.0166297,0.019194
4.76,0.0204705,0.0163429,0.0190303
4.77,0.0209325,0.0161188,0.0188887
4.78,0.021373,0.0160734,0.018808
4.79,0.0218337,0.0161541,0.0187838
4.8,0.022313,0.0163921,0.0188122
4.81,0.0227296,0.0166561,0.0188895
4.82,0.0230877,0.0167437,0.018932
4.83,0.0234716,0.0169481,0.0189021
4.84,0.0237994,0.0172612,0.0187648
4.85,0.0240749,0.0176351,0.0186478
4.86,0.024342,0.0178651,0.0185097
4.87,0.0246814,0.0181217,0.0183519
4.88,0.0250079,0.0183629,0.0182158
4.89,0.0252421,0.0186299,0.0181001
4.9,0.0254708,0.0188005,0.0180032
4.91,0.0257745,0.0188415,0.0178435
4.92,0.0259073,0.0187217,0.0177859
4.93,0.0259615,0.0185327,0.0176228
4.94,0.0259825,0.0184397,0.0173214
4.95,0.026053,0.0184362,0.0169316
4.96,0.0261293,0.0184354,0.0164996
4.97,0.0262111,0.018357,0.0161486
4.98,0.0262178,0.0181664,0.0157929
4.99,0.0260745,0.0181522,0.0154327
5,0.0259519,0.0179811,0.0150282
5.01,0.0256884,0.0175838,0.0147028
5.02,0.0254942,0.0172973,0.0142906
5.03,0.0253245,0.0170734,0.013918
5.04,0.0251374,0.0169078,0.0136625
5.05,0.024934,0.0166763,0.0133153
5.06,0.024836,0.0165437,0.0129631
5.07,0.0247556,0.0162224,0.0126863
5.08,0.0247318,0.015846,0.0124396
5.09,0.0248007,0.0155386,0.0121808
5.1,0.0248356,0.0152152,0.0119508
5.11,0.0248387,0.0149169,0.0117478
5.12,0.0248123,0.0146421,0.0116097
5.13,0.0247986,0.014349,0.0114921
5.14,0.0249571,0.0141191,0.0113534
5.15,0.0249549,0.0140281,0.0113154
5.16,0.0251242,0.0137456,0.0113308
5.17,0.0253326,0.0133249,0.0113558
5.18,0.0254569,0.012856,0.0114299
5.19,0.0257038,0.0124224,0.0115898
5.2,0.0259843,0.0118213,0.011709
5.21,0.0262159,0.0111044,0.0117905
5.22,0.0263619,0.0102798,0.0118769
5.23,0.0263882,0.00955554,0.011968
5.24,0.0265838,0.00892471,0.0120234
5.25,0.0267767,0.00830047,0.0121258
5.26,0.0269668,0.00772257,0.0120713
5.27,0.0269539,0.00722779,0.0120315
5.28,0.0269929,0.00664986,0.0120452
5.29,0.02704,0.00607485,0.0120686
5.3,0.0270946,0.00546241,0.0121413
5.31,0.027076,0.00489546,0.0120993
5.32,0.0271497,0.0043708,0.0119907
5.33,0.0271088,0.00388541,0.0119407
5.34,0.027242,0.00355688,0.0119049
5.35,0.0273767,0.00329403,0.0118423
5.36,0.0273122,0.00321258,0.0117949
5.37,0.0273033,0.00309929,0.0117215
5.38,0.0271453,0.00303659,0.011704
5.39,0.0270493,0.00282039,0.0117386
5.4,0.027011,0.00266204,0.0117013
5.41,0.0270264,0.00263763,0.0117175
5.42,0.0272119,0.00261743,0.0118637
5.43,0.0272749,0.00264134,0.0119703
5.44,0.0274245,0.00266611,0.0121203
5.45,0.0274542,0.00269177,0.0121502
5.46,0.0276531,0.0028385,0.0122289
5.47,0.0277687,0.00313795,0.012313
5.48,0.0278067,0.00353939,0.0122415
5.49,0.0276926,0.00343397,0.0122658
5.5,0.0273967,0.00241605,0.0122586
5.51,0.026651,0.00203349,0.0121827
5.52,0.0258481,0.00208128,0.0122434
5.53,0.0250721,0.00196784,0.0123506
5.54,0.0245216,0.00210556,0.012421
5.55,0.0243414,0.00311861,0.0123774
5.56,0.0243451,0.00406331,0.0123475
5.57,0.0243994,0.00458345,0.0124105
5.58,0.0244608,0.00539065,0.0123597
5.59,0.0242479,0.00594339,0.012283
5.6,0.0240608,0.00654024,0.0121422
5.61,0.0238174,0.00729842,0.0120222
5.62,0.0235216,0.00772531,0.0119612
5.63,0.0232574,0.00756337,0.0119552
5.64,0.0229423,0.00725489,0.0120004
5.65,0.02266,0.00697056,0.0120531
5.66,0.0224485,0.00658841,0.0120327
5.67,0.0222626,0.0059147,0.0120644
5.68,0.0219401,0.0056517,0.0120246
5.69,0.0214505,0.00528933,0.0120785
5.7,0.021006,0.00479447,0.0120992
5.71,0.0205232,0.00441699,0.0122495
5.72,0.0198845,0.00414869,0.0124402
5.73,0.0193014,0.00402204,0.0127086
5.74,0.0186095,0.00450842,0.0129691
5.75,0.0180169,0.00416115,0.0133021
5.76,0.0177975,0.00287819,0.0136223
5.77,0.017845,0.00104588,0.0139707
5.78,0.0185416,-0.00145775,0.0143052
5.79,0.0197618,-0.00406432,0.0146269
5.8,0.0212684,-0.00596449,0.0149369
5.81,0.0228407,-0.00712746,0.0151961
5.82,0.0243139,-0.0074444,0.0153679
5.83,0.0253739,-0.0078168,0.0154984
5.84,0.0260095,-0.00808037,0.0156705
5.85,0.0262104,-0.00784163,0.0158015
5.86,0.0262878,-0.00765712,0.015894
5.87,0.0263304,-0.00796422,0.0159103
5.88,0.0264612,-0.00852792,0.0157355
5.89,0.0265936,-0.00896938,0.0155838
5.9,0.0265271,-0.00949775,0.0155736
5.91,0.026476,-0.0103877,0.0156149
5.92,0.0264794,-0.0117742,0.0157039
5.93,0.0265335,-0.0135826,0.015757
5.94,0.0267952,-0.0151013,0.0157772
5.95,0.0270494,-0.0159898,0.015847
5.96,0.0270159,-0.0161317,0.015923
5.97,0.026795,-0.0163814,0.0160044
5.98,0.0263999,-0.0168919,0.0161308
5.99,0.0262838,-0.018447,0.016379
6,0.0266278,-0.0212143,0.01666
6.01,0.0275602,-0.0249083,0.0169716
6.02,0.0288793,-0.0280203,0.0172322
6.03,0.0299164,-0.0288663,0.0173659
6.04,0.0310121,-0.0295303,0.0175011
6.05,0.0320018,-0.0297842,0.0175575
6.06,0.032532,-0.0292156,0.017541
6.07,0.0329557,-0.0292457,0.017496
6.08,0.0335612,-0.0303941,0.0173438
6.09,0.0343358,-0.032021,0.0171326
6.1,0.035468,-0.0336116,0.0168665
6.11,0.0367725,-0.0352086,0.0165897
6.12,0.0383976,-0.0378543,0.016302
6.13,0.0406417,-0.0427187,0.0160836
6.14,0.0434213,-0.0496865,0.0159294
6.15,0.0460172,-0.0561641,0.0157563
6.16,0.0475196,-0.0614638,0.015807
6.17,0.0485262,-0.0656283,0.0161862
6.18,0.0496711,-0.0687386,0.0187562
6.19,0.0516658,-0.0710695,0.0238044
6.2,0.0540922,-0.0723931,0.0291525
6.21,0.0566001,-0.072539,0.0341379
6.22,0.0589031,-0.0719905,0.038866
6.23,0.0606943,-0.07208,0.0436744
6.24,0.0627294,-0.0739676,0.0499999
6.25,0.0640678,-0.0780497,0.0583773
6.26,0.0628727,-0.0838115,0.0686235
6.27,0.0568356,-0.0892486,0.0797276
6.28,0.0444514,-0.0935397,0.0909891
6.29,0.0267662,-0.0954803,0.102518
6.3,0.00611759,-0.0925464,0.113855
6.31,-0.0161625,-0.081429,0.124928
6.32,-0.0416425,-0.0618983,0.135468
6.33,-0.0726638,-0.0363476,0.145305
6.34,-0.109921,-0.0078061,0.153561
6.35,-0.152135,0.0200277,0.160746
6.36,-0.196836,0.0435922,0.166625
6.37,-0.235988,0.0712883,0.171824
6.38,-0.26974,0.102905,0.176146
6.39,-0.29839,0.137925,0.179612
6.4,-0.322095,0.17587,0.18232
6.41,-0.341363,0.216052,0.184247
6.42,-0.356106,0.255704,0.185062
6.43,-0.367283,0.291175,0.184908
6.44,-0.376587,0.318826,0.184123
6.45,-0.385271,0.3362,0.183094
6.46,-0.393179,0.34237,0.181692
6.47,-0.398477,0.338003,0.180428
6.48,-0.398776,0.325809,0.180082
6.49,-0.391776,0.309708,0.181247
6.5,-0.377229,0.294663,0.183221
6.51,-0.356231,0.285083,0.184835
6.52,-0.330197,0.283473,0.185938
6.53,-0.299557,0.288755,0.186817
6.54,-0.264475,0.296878,0.187631
6.55,-0.22562,0.303071,0.18837
6.56,-0.184661,0.302175,0.189176
6.57,-0.142466,0.289352,0.190171
6.58,-0.099284,0.263512,0.191167
6.59,-0.0550635,0.226207,0.192023
6.6,-0.00947983,0.18253,0.191806
6.61,0.0372123,0.133853,0.190497
6.62,0.083733,0.0838153,0.187604
6.63,0.128412,0.0360054,0.18288
6.64,0.169897,-0.00772429,0.176259
6.65,0.207853,-0.0483802,0.16832
6.66,0.242607,-0.0891878,0.160069
6.67,0.274103,-0.134471,0.152272
6.68,0.300804,-0.187929,0.145113
6.69,0.32068,-0.250876,0.138614
6.7,0.332446,-0.322086,0.132293
6.71,0.336835,-0.397727,0.125518
6.72,0.335609,-0.472236,0.118198
6.73,0.330648,-0.539354,0.110175
6.74,0.323907,-0.595304,0.100802
6.75,0.317236,-0.639223,0.0901019
6.76,0.31187,-0.674081,0.078594
6.77,0.308391,-0.705932,0.0670255
6.78,0.306341,-0.740682,0.0558102
6.79,0.304653,-0.783225,0.0454575
6.8,0.302454,-0.835304,0.0362163
6.81,0.299217,-0.89585,0.028133
6.82,0.295025,-0.96134,0.0205019
6.83,0.290554,-1.02673,0.0127955
6.84,0.287115,-1.08802,0.00463821
6.85,0.285102,-1.14401,-0.00317046
6.86,0.283793,-1.19457,-0.00961051
6.87,0.282764,-1.24082,-0.0143007
6.88,0.282419,-1.28465,-0.0166495
6.89,0.28479,-1.32878,-0.0167544
6.9,0.291287,-1.37557,-0.0146668
6.91,0.301819,-1.42535,-0.0106673
6.92,0.315322,-1.47722,-0.00577298
6.93,0.329944,-1.52871,-0.00168189
6.94,0.344204,-1.57638,0.000196979
6.95,0.357921,-1.61741,-0.0010848
6.96,0.372226,-1.64892,-0.00556344
6.97,0.388745,-1.66898,-0.0122724
6.98,0.408497,-1.67603,-0.0200714
6.99,0.432201,-1.67001,-0.0283474
7,0.459685,-1.65326,-0.036586
7.01,0.489736,-1.62914,-0.0439176
7.02,0.520907,-1.60089,-0.0495785
7.03,0.551906,-1.57126,-0.053262
7.04,0.58223,-1.53942,-0.0552555
7.05,0.612048,-1.5002,-0.055739
7.06,0.641572,-1.44888,-0.0553146
7.07,0.670776,-1.38429,-0.0537284
7.08,0.699712,-1.30662,-0.0505172
7.09,0.728169,-1.2156,-0.0460059
7.1,0.755587,-1.11091,-0.040496
7.11,0.780536,-0.991532,-0.034861
7.12,0.800757,-0.856922,-0.0298824
7.13,0.814344,-0.708575,-0.0262021
7.14,0.820315,-0.549898,-0.0238938
7.15,0.819868,-0.382711,-0.0217292
7.16,0.816058,-0.205651,-0.0192828
7.17,0.811569,-0.015521,-0.0163664
7.18,0.807695,0.190784,-0.0136809
7.19,0.804871,0.416714,-0.0118675
7.2,0.802575,0.663144,-0.010994
7.21,0.799438,0.931127,-0.0112036
7.22,0.793906,1.22232,-0.0123474
7.23,0.785046,1.53868,-0.0146523
7.24,0.772978,1.88266,-0.0186904
7.25,0.757317,2.25646,-0.025044
7.26,0.738088,2.66081,-0.0342832
7.27,0.716169,3.09501,-0.0455572
7.28,0.69313,3.55731,-0.0576835
7.29,0.671074,4.04767,-0.0699724
7.3,0.651867,4.56787,-0.0815028
7.31,0.63696,5.1204,-0.0922762
7.32,0.626999,5.70773,-0.102075
7.33,0.621135,6.32811,-0.110853
7.34,0.615737,6.9769,-0.119585
7.35,0.607053,7.65025,-0.129697
7.36,0.592735,8.34552,-0.142876
7.37,0.573381,9.06011,-0.159141
7.38,0.556898,9.79293,-0.177148
7.39,0.546836,10.543,-0.196304
7.4,0.548198,11.3098,-0.215861
7.41,0.562386,12.0942,-0.235248
7.42,0.586076,12.8963,-0.254671
7.43,0.612792,13.7136,-0.272254
7.44,0.636439,14.545,-0.28606
7.45,0.653997,15.3908,-0.296142
7.46,0.666848,16.2537,-0.303997
7.47,0.677633,17.1352,-0.310979
7.48,0.68886,18.0346,-0.317341
7.49,0.702636,18.951,-0.32299
7.5,0.719744,19.8837,-0.328747
7.51,0.739871,20.8324,-0.335838
7.52,0.762749,21.7958,-0.34497
7.53,0.787281,22.7714,-0.356929
7.54,0.811591,23.7537,-0.371364
7.55,0.834301,24.7371,-0.387763
7.56,0.855444,25.7215,-0.406476
7.57,0.875129,26.7107,-0.427327
7.58,0.893397,27.7119,-0.451257
7.59,0.910192,28.7299,-0.475246
7.6,0.930505,29.7687,-0.500223
7.61,0.961538,30.835,-0.523634
7.62,1.00291,31.9286,-0.544224
7.63,1.04939,33.0403,-0.563271
7.64,1.09606,34.159,-0.581078
7.65,1.1396,35.2772,-0.596952
7.66,1.17788,36.3925,-0.612031
7.67,1.20802,37.5068,-0.627927
7.68,1.22871,38.6276,-0.644485
7.69,1.24088,39.7653,-0.661271
7.7,1.24587,40.9279,-0.680159
7.71,1.24687,42.1167,-0.704518
7.72,1.24883,43.3278,-0.734089
7.73,1.25381,44.5562,-0.767468
7.74,1.2605,45.7971,-0.802985
7.75,1.26665,47.0499,-0.839043
7.76,1.26939,48.3177,-0.877065
7.77,1.26535,49.6019,-0.918149
7.78,1.25219,50.903,-0.961569
7.79,1.22866,52.22,-1.00753
7.8,1.19622,53.5508,-1.05634
7.81,1.15646,54.8931,-1.11002
7.82,1.11243,56.2408,-1.17046
7.83,1.06908,57.5891,-1.23739
7.84,1.03049,58.9343,-1.30881
7.85,0.999722,60.2735,-1.38028
7.86,0.972937,61.6033,-1.45127
7.87,0.939361,62.9187,-1.52604
7.88,0.889656,64.2158,-1.60808
7.89,0.821158,65.4937,-1.69793
7.9,0.737012,66.755,-1.79254
7.91,0.639273,68.0065,-1.89208
7.92,0.525851,69.2535,-2.00158
7.93,0.394867,70.4998,-2.12647
7.94,0.273095,71.744,-2.25592
7.95,0.160376,72.9855,-2.38884
7.96,0.0565419,74.224,-2.52425
7.97,-0.0377875,75.4595,-2.66065
7.98,-0.122378,76.6916,-2.79655
7.99,-0.194237,77.9202,-2.92573
8,-0.255891,79.145,-3.04761
8.01,-0.316074,80.3596,-3.16423
8.02,-0.36796,81.5592,-3.26804
8.03,-0.386375,82.738,-3.33863
8.04,-0.338219,83.8883,-3.34648
8.05,-0.1839,85.0014,-3.25231
8.06,0.141123,86.0675,-2.98995
8.07,0.777113,87.0793,-2.41668
8.08,2.13351,88.031,-1.12121
8.09,5.83761,88.9144,2.52517
8.1,29.8789,89.699,26.5135
8.11,158.738,89.4739,155.324
8.12,168.895,88.7986,165.438
8.13,171.49,88.1687,167.99
8.14,172.624,87.5876,169.081
8.15,173.215,87.0548,169.628
8.16,173.547,86.574,169.917
8.17,173.723,86.153,170.052
8.18,173.793,85.8009,170.083
8.19,173.783,85.5239,170.04
8.2,173.716,85.3252,169.948
8.21,173.616,85.2033,169.829
8.22,173.487,85.1526,169.689
8.23,173.323,85.1651,169.517
8.24,173.107,85.2361,169.298
8.25,172.821,85.3665,169.011
8.26,172.434,85.5605,168.628
8.27,171.907,85.8178,168.108
8.28,171.176,86.135,167.387
8.29,170.155,86.5085,166.376
8.3,168.689,86.9387,164.922
8.31,166.447,87.4275,162.693
8.32,162.641,87.9744,158.902
8.33,155.023,88.5652,151.3
8.34,135.202,89.1384,131.492
8.35,78.5731,89.3813,74.8724
8.36,34.1299,88.9256,30.4348
8.37,19.5213,88.2174,15.8299
8.38,13.2112,87.439,9.52522
8.39,9.76528,86.6161,6.08804
8.4,7.64098,85.7412,3.97396
8.41,6.24662,84.8024,2.58741
8.42,5.28104,83.7953,1.62586
8.43,4.57205,82.7309,0.919188
8.44,4.02692,81.6307,0.377021
8.45,3.59665,80.5213,-0.0480767
8.46,3.24806,79.4229,-0.389826
8.47,2.95925,78.3417,-0.671717
8.48,2.71563,77.2687,-0.908087
8.49,2.50446,76.1831,-1.10723
8.5,2.31358,75.064,-1.27512
8.51,2.13572,73.9001,-1.41574
8.52,1.96885,72.6946,-1.53208
8.53,1.8149,71.4639,-1.62592
8.54,1.67629,70.2286,-1.69954
8.55,1.54994,69.0032,-1.75842
8.56,1.4332,67.792,-1.80673
8.57,1.33099,66.5835,-1.84116
8.58,1.24943,65.3624,-1.85533
8.59,1.18546,64.1177,-1.84963
8.6,1.13317,62.8521,-1.82676
8.61,1.08436,61.5806,-1.79387
8.62,1.03507,60.3232,-1.75509
8.63,0.987299,59.0963,-1.71125
8.64,0.947223,57.9088,-1.66234
8.65,0.920612,56.7554,-1.60795
8.66,0.908547,55.6173,-1.54777
8.67,0.911691,54.4745,-1.4792
8.68,0.92589,53.3192,-1.4035
8.69,0.946485,52.1578,-1.32533
8.7,0.972391,51.0034,-1.24764
8.71,1.00417,49.8696,-1.17299
8.72,1.04262,48.7607,-1.10344
8.73,1.08803,47.6725,-1.0398
8.74,1.13964,46.5982,-0.981841
8.75,1.19654,45.5271,-0.927947
8.76,1.26016,44.4512,-0.875738
8.77,1.33167,43.3633,-0.824867
8.78,1.4086,42.2535,-0.77927
8.79,1.48612,41.1117,-0.743012
8.8,1.55874,39.9292,-0.719663
8.81,1.62241,38.7035,-0.71158
8.82,1.67701,37.4415,-0.716659
8.83,1.72523,36.1582,-0.72958
8.84,1.76787,34.8726,-0.748121
8.85,1.80417,33.6021,-0.770559
8.86,1.83305,32.354,-0.796103
8.87,1.85264,31.1245,-0.824071
8.88,1.8608,29.9027,-0.854494
8.89,1.85888,28.6756,-0.88685
8.9,1.85162,27.4373,-0.918717
8.91,1.8437,26.1867,-0.946111
8.92,1.83577,24.9291,-0.968486
8.93,1.82545,23.6779,-0.987462
8.94,1.8109,22.4512,-1.00434
8.95,1.79155,21.2652,-1.01981
8.96,1.76709,20.1293,-1.03501
8.97,1.73861,19.0504,-1.05027
8.98,1.70933,18.0339,-1.06577
8.99,1.68181,17.0772,-1.08101
9,1.65628,16.1704,-1.09535
9.01,1.63169,15.3018,-1.10815
9.02,1.60665,14.4573,-1.11922
9.03,1.57991,13.622,-1.12788
9.04,1.55078,12.7868,-1.13422
9.05,1.52004,11.9497,-1.13869
9.06,1.49018,11.1122,-1.14215
9.07,1.46229,10.2767,-1.14566
9.08,1.43658,9.44649,-1.15006
9.09,1.41386,8.62188,-1.15545
9.1,1.39359,7.79681,-1.1611
9.11,1.37451,6.96193,-1.1661
9.12,1.35429,6.10801,-1.16957
9.13,1.33073,5.228,-1.17152
9.14,1.30356,4.31838,-1.17212
9.15,1.27434,3.38252,-1.17134
9.16,1.24513,2.42912,-1.16954
9.17,1.21862,1.46587,-1.16703
9.18,1.19611,0.49504,-1.16443
9.19,1.17711,-0.486998,-1.16244
9.2,1.1612,-1.49217,-1.16117
9.21,1.14594,-2.53874,-1.1576
9.22,1.12815,-3.64479,-1.15169
9.23,1.10483,-4.82167,-1.14543
9.24,1.07417,-6.06597,-1.13961
9.25,1.03728,-7.35922,-1.13551
9.26,0.995837,-8.67557,-1.13314
9.27,0.954214,-9.99116,-1.13146
9.28,0.915452,-11.2939,-1.13192
9.29,0.878402,-12.5839,-1.134
9.3,0.837747,-13.8693,-1.13544
9.31,0.785813,-15.1651,-1.1345
9.32,0.719129,-16.4865,-1.13286
9.33,0.639125,-17.8418,-1.13149
9.34,0.551551,-19.229,-1.12896
9.35,0.464717,-20.6381,-1.12339
9.36,0.385204,-22.0529,-1.11488
9.37,0.314168,-23.4545,-1.10352
9.38,0.249454,-24.8296,-1.08955
9.39,0.186607,-26.1805,-1.07388
9.4,0.118405,-27.5181,-1.05515
9.41,0.0386147,-28.8582,-1.02965
9.42,-0.053611,-30.2156,-0.99459
9.43,-0.1539,-31.5994,-0.949066
9.44,-0.255556,-33.0083,-0.896188
9.45,-0.353792,-34.4253,-0.837036
9.46,-0.444936,-35.8315,-0.771431
9.47,-0.526939,-37.216,-0.70136
9.48,-0.601777,-38.5787,-0.627595
9.49,-0.67288,-39.9298,-0.551636
9.5,-0.745691,-41.2832,-0.470946
9.51,-0.826723,-42.6548,-0.380077
9.52,-0.909765,-44.0538,-0.274111
9.53,-0.994781,-45.476,-0.153297
9.54,-1.08187,-46.9169,-0.0178676
9.55,-1.1711,-48.3726,0.132041
9.56,-1.26298,-49.8394,0.29687
9.57,-1.3547,-51.3126,0.475168
9.58,-1.4469,-52.8026,0.665564
9.59,-1.54522,-54.3223,0.870281
9.6,-1.65648,-55.8735,1.09301
9.61,-1.78484,-57.4503,1.33517
9.62,-1.93384,-59.0479,1.59882
9.63,-2.10783,-60.6639,1.88823
9.64,-2.30768,-62.2971,2.20427
9.65,-2.53229,-63.9426,2.54886
9.66,-2.78481,-65.5924,2.92697
9.67,-3.06751,-67.2391,3.33783
9.68,-3.38942,-68.8766,3.78356
9.69,-3.76768,-70.4987,4.27232
9.7,-4.22073,-72.1001,4.81721
9.71,-4.76743,-73.6742,5.43522
9.72,-5.42353,-75.2115,6.14571
9.73,-6.2131,-76.7075,6.97767
9.74,-7.16914,-78.157,7.96921
9.75,-8.32345,-79.55,9.1564
9.76,-9.7328,-80.8744,10.5984
9.77,-11.5025,-82.1255,12.4007
9.78,-13.8124,-83.3028,14.741
9.79,-16.9375,-84.4042,17.8914
9.8,-21.3123,-85.4211,22.2846
9.81,-27.6461,-86.3356,28.6299
9.82,-37.0194,-87.1152,38.0093
9.83,-50.6692,-87.7116,51.6619
9.84,-68.8299,-88.0743,69.8229
9.85,-88.7302,-88.1877,89.7199
9.86,-105.86,-88.11,106.843
9.87,-118.286,-87.9398,119.26
9.88,-126.629,-87.7546,127.594
9.89,-132.021,-87.6001,132.976
9.9,-135.317,-87.4984,136.262
9.91,-136.956,-87.4602,137.89
9.92,-137.067,-87.493,137.992
9.93,-135.521,-87.6019,136.434
9.94,-131.746,-87.7894,132.642
9.95,-124.693,-88.0409,125.558
9.96,-112.629,-88.3068,113.444
9.97,-93.7377,-88.4927,94.4817
9.98,-69.9248,-88.4731,70.5859
9.99,-48.4715,-88.1897,49.0469
10,-33.4248,-87.6957,33.9194
10.01,-23.5066,-87.0486,23.9033
10.02,-16.9315,-86.2945,17.2158
10.03,-12.4065,-85.4601,12.567
10.04,-9.16194,-84.5613,9.18956
10.05,-6.74756,-83.6081,6.63591
10.06,-4.89165,-82.6069,4.63644
10.07,-3.42526,-81.5626,3.02451
10.08,-2.23898,-80.4785,1.69332
10.09,-1.25843,-79.3567,0.570427
10.1,-0.429247,-78.1973,-0.394451
10.11,0.289724,-76.9957,-1.23476
10.12,0.923449,-75.7517,-1.97258
10.13,1.48823,-74.4661,-2.62616
10.14,1.98809,-73.1354,-3.20528
10.15,2.41301,-71.756,-3.70797
10.16,2.76109,-70.3337,-4.13925
10.17,3.03863,-68.874,-4.508
10.18,3.25943,-67.3758,-4.8227
10.19,3.44292,-65.8287,-5.09182
10.2,3.60628,-64.2201,-5.32078
10.21,3.76139,-62.5479,-5.51763
10.22,3.90961,-60.8164,-5.68795
10.23,4.04181,-59.03,-5.8299
10.24,4.15329,-57.2027,-5.94559
10.25,4.2405,-55.3588,-6.03941
10.26,4.30419,-53.5233,-6.11472
10.27,4.34998,-51.7064,-6.17296
10.28,4.38673,-49.8992,-6.21554
10.29,4.4263,-48.0794,-6.24542
10.3,4.47287,-46.2157,-6.26364
10.31,4.52967,-44.3065,-6.27577
10.32,4.60055,-42.3548,-6.28452
10.33,4.68661,-40.3639,-6.28812
10.34,4.78244,-38.3697,-6.28451
10.35,4.88046,-36.4107,-6.27421
10.36,4.97471,-34.5124,-6.25797
10.37,5.06403,-32.677,-6.2341
10.38,5.15263,-30.8915,-6.20147
10.39,5.2457,-29.1431,-6.16158
10.4,5.34597,-27.426,-6.11484
10.41,5.45331,-25.7423,-6.06291
10.42,5.56456,-24.0986,-6.00652
10.43,5.67825,-22.5012,-5.94558
10.44,5.79293,-20.9543,-5.87935
10.45,5.90478,-19.4648,-5.8085
10.46,6.00995,-18.041,-5.73355
10.47,6.10758,-16.6889,-5.65429
10.48,6.19959,-15.4106,-5.57184
10.49,6.28871,-14.2035,-5.48704
10.5,6.37822,-13.063,-5.40019
10.51,6.47012,-11.9859,-5.31192
10.52,6.5647,-10.9729,-5.22344
10.53,6.66265,-10.0265,-5.13691
10.54,6.76462,-9.14959,-5.05311
10.55,6.87142,-8.34362,-4.97283
10.56,6.98435,-7.60829,-4.89593
10.57,7.10469,-6.9396,-4.82184
10.58,7.23397,-6.33012,-4.75001
10.59,7.37475,-5.77125,-4.67987
10.6,7.5299,-5.25553,-4.61194
10.61,7.7046,-4.77827,-4.54622
10.62,7.90453,-4.33657,-4.48186
10.63,8.13545,-3.92942,-4.41983
10.64,8.40152,-3.55874,-4.36074
10.65,8.70491,-3.22559,-4.30522
10.66,9.04655,-2.9295,-4.25277
10.67,9.4277,-2.66793,-4.20237
10.68,9.84874,-2.43466,-4.15246
10.69,10.3111,-2.22191,-4.10257
10.7,10.8182,-2.02666,-4.05249
10.71,11.3724,-1.8487,-4.00093
10.72,11.9747,-1.688,-3.94667
10.73,12.6241,-1.54357,-3.8884
10.74,13.3184,-1.4142,-3.82628
10.75,14.0543,-1.29685,-3.76141
10.76,14.828,-1.19083,-3.69306
10.77,15.637,-1.09864,-3.62082
10.78,16.48,-1.0245,-3.54494
10.79,17.3556,-0.970742,-3.4666
10.8,18.261,-0.938499,-3.38951
10.81,19.1904,-0.925302,-3.31754
10.82,20.1377,-0.924805,-3.25116
10.83,21.0973,-0.92963,-3.18858
10.84,22.0676,-0.935976,-3.12834
10.85,23.0492,-0.946903,-3.06993
10.86,24.0424,-0.966788,-3.01349
10.87,25.047,-0.997429,-2.95873
10.88,26.0623,-1.03808,-2.904
10.89,27.0867,-1.07079,-2.83807
10.9,28.1198,-1.09621,-2.76158
10.91,29.1615,-1.11555,-2.67493
10.92,30.2121,-1.12966,-2.57856
10.93,31.2717,-1.13964,-2.47298
10.94,32.343,-1.14899,-2.36067
10.95,33.4273,-1.16332,-2.24705
10.96,34.5249,-1.18769,-2.13719
10.97,35.6351,-1.22433,-2.03464
10.98,36.7573,-1.27343,-1.94217
10.99,37.8914,-1.3342,-1.86025
11,39.0364,-1.40393,-1.7844
11.01,40.1905,-1.47611,-1.70918
11.02,41.3537,-1.54856,-1.62978
11.03,42.5279,-1.62132,-1.54159
11.04,43.7138,-1.69365,-1.44557
11.05,44.9079,-1.765,-1.34631
11.06,46.1058,-1.83825,-1.25089
11.07,47.304,-1.91732,-1.16752
11.08,48.5019,-2.00546,-1.10309
11.09,49.7006,-2.1018,-1.05909
11.1,50.9011,-2.20168,-1.03109
11.11,52.1036,-2.29933,-1.01188
11.12,53.3073,-2.39105,-0.994243
11.13,54.5106,-2.47718,-0.973356
11.14,55.7148,-2.55863,-0.948776
11.15,56.9227,-2.63623,-0.922486
11.16,58.1355,-2.7122,-0.897991
11.17,59.3521,-2.78835,-0.879751
11.18,60.5697,-2.86439,-0.870381
11.19,61.7852,-2.93753,-0.868017
11.2,62.9963,-3.00683,-0.867878
11.21,64.2003,-3.07161,-0.863194
11.22,65.3977,-3.1338,-0.849324
11.23,66.5895,-3.19577,-0.823811
11.24,67.7769,-3.2579,-0.787646
11.25,68.9599,-3.32053,-0.74336
11.26,70.1353,-3.38351,-0.693691
11.27,71.299,-3.44482,-0.63989
11.28,72.4463,-3.50443,-0.579709
11.29,73.5747,-3.56354,-0.511919
11.3,74.6821,-3.62433,-0.435441
11.31,75.7657,-3.68866,-0.348903
11.32,76.8219,-3.75654,-0.249991
11.33,77.8482,-3.82954,-0.141117
11.34,78.8466,-3.90854,-0.0298259
11.35,79.8209,-3.99356,0.0802678
11.36,80.7759,-4.0833,0.190441
11.37,81.716,-4.17535,0.302553
11.38,82.6445,-4.26819,0.416698
11.39,83.5591,-4.36319,0.534136
11.4,84.4537,-4.45893,0.654082
11.41,85.32,-4.55613,0.770863
11.42,86.1528,-4.6535,0.879501
11.43,86.9549,-4.74839,0.978493
11.44,87.7341,-4.84057,1.06834
11.45,88.4982,-4.93071,1.15044
11.46,89.2543,-5.01901,1.22572
11.47,90.0058,-5.10534,1.29471
11.48,90.7462,-5.18829,1.35653
11.49,91.4599,-5.26434,1.40925
11.5,92.1346,-5.33116,1.4562
11.51,92.7644,-5.38891,1.49912
11.52,93.3486,-5.43765,1.53589
11.53,93.8892,-5.47778,1.56459
11.54,94.3885,-5.51009,1.58329
11.55,94.8487,-5.53622,1.59032
11.56,95.2686,-5.55857,1.58614
11.57,95.6428,-5.5777,1.57372
11.58,95.9648,-5.59406,1.55775
11.59,96.2294,-5.60814,1.54107
11.6,96.4335,-5.61958,1.52309
11.61,96.5755,-5.6273,1.50119
11.62,96.6547,-5.63009,1.47243
11.63,96.6699,-5.62816,1.4364
11.64,96.6201,-5.62221,1.39466
11.65,96.503,-5.61291,1.34848
11.66,96.3164,-5.6009,1.29926
11.67,96.0592,-5.58663,1.24874
11.68,95.732,-5.56991,1.19753
11.69,95.337,-5.55072,1.14603
11.7,94.8779,-5.52866,1.09401
11.71,94.3569,-5.50256,1.04137
11.72,93.7741,-5.47103,0.988911
11.73,93.1281,-5.43267,0.936478
11.74,92.4186,-5.38774,0.88302
11.75,91.6493,-5.33782,0.828451
11.76,90.8252,-5.2839,0.773295
11.77,89.951,-5.22536,0.718026
11.78,89.0309,-5.16087,0.660412
11.79,88.0675,-5.09025,0.598717
11.8,87.0627,-5.01409,0.533005
11.81,86.0191,-4.93397,0.463882
11.82,84.9382,-4.8518,0.392765
11.83,83.8207,-4.76785,0.320708
11.84,82.6674,-4.68083,0.248311
11.85,81.4795,-4.59041,0.175554
11.86,80.2604,-4.4967,0.103221
11.87,79.0147,-4.40059,0.0318199
11.88,77.7437,-4.30247,-0.0363338
11.89,76.4467,-4.2016,-0.0987093
11.9,75.1227,-4.0963,-0.155507
11.91,73.7729,-3.98576,-0.207206
11.92,72.4016,-3.87053,-0.254712
11.93,71.016,-3.75255,-0.299807
11.94,69.6249,-3.63291,-0.345247
11.95,68.2354,-3.51418,-0.392234
11.96,66.8511,-3.39808,-0.439648
11.97,65.4745,-3.2867,-0.484543
11.98,64.1082,-3.17911,-0.523676
11.99,62.7534,-3.07128,-0.556214
12,61.4109,-2.96083,-0.586886
12.01,60.0809,-2.84785,-0.622837
12.02,58.7645,-2.73568,-0.671188
12.03,57.4643,-2.63101,-0.735237
12.04,56.1825,-2.5382,-0.81222
12.05,54.9202,-2.4562,-0.899717
12.06,53.6765,-2.38397,-0.995058
12.07,52.4503,-2.31901,-1.09473
12.08,51.2381,-2.25803,-1.19574
12.09,50.0372,-2.1983,-1.2963
12.1,48.8431,-2.13711,-1.39267
12.11,47.6564,-2.06938,-1.47946
12.12,46.4794,-1.99207,-1.55271
12.13,45.3177,-1.90606,-1.61079
12.14,44.1789,-1.81622,-1.65282
12.15,43.069,-1.73032,-1.68123
12.16,41.9928,-1.65,-1.70049
12.17,40.9517,-1.57442,-1.71339
12.18,39.9438,-1.50337,-1.72198
12.19,38.9662,-1.43726,-1.72887
12.2,38.0172,-1.37455,-1.73421
12.21,37.0964,-1.31201,-1.73644
12.22,36.2051,-1.24845,-1.73537
12.23,35.3442,-1.18418,-1.73166
12.24,34.5138,-1.1207,-1.72691
12.25,33.7115,-1.05944,-1.72409
12.26,32.9338,-1.00295,-1.7263
12.27,32.1789,-0.954038,-1.73564
12.28,31.4471,-0.913749,-1.75202
12.29,30.7378,-0.881038,-1.77397
12.3,30.0505,-0.851747,-1.79991
12.31,29.384,-0.821634,-1.82729
12.32,28.7352,-0.788508,-1.85506
12.33,28.1014,-0.755344,-1.88434
12.34,27.4798,-0.726894,-1.9174
12.35,26.8679,-0.704331,-1.95606
12.36,26.262,-0.686925,-2.00054
12.37,25.6583,-0.67086,-2.05097
12.38,25.0549,-0.651418,-2.10603
12.39,24.4497,-0.625995,-2.16398
12.4,23.8389,-0.592604,-2.2232
12.41,23.2171,-0.550556,-2.28291
12.42,22.5777,-0.502828,-2.34331
12.43,21.915,-0.455341,-2.40615
12.44,21.2253,-0.413477,-2.47337
12.45,20.5047,-0.373085,-2.54648
12.46,19.7553,-0.3339,-2.62513
12.47,18.9793,-0.295845,-2.70914
12.48,18.1785,-0.258893,-2.79823
12.49,17.3546,-0.223332,-2.89213
12.5,16.5073,-0.1893,-2.9918
12.51,15.6343,-0.156959,-3.09742
12.52,14.7327,-0.126094,-3.20904
12.53,13.7989,-0.095283,-3.32747
12.54,12.8323,-0.0651777,-3.45246
12.55,11.8362,-0.0376193,-3.58263
12.56,10.8154,-0.0137199,-3.71635
12.57,9.77313,0.0051006,-3.85128
12.58,8.71331,0.0189361,-3.98539
12.59,7.63912,0.0286394,-4.11689
12.6,6.55019,0.0343366,-4.24575
12.61,5.44271,0.0345049,-4.37362
12.62,4.31123,0.0283092,-4.50235
12.63,3.15229,0.0160416,-4.63461
12.64,1.96636,0.00021425,-4.77127
12.65,0.757093,-0.0167298,-4.91089
12.66,-0.469821,-0.0323671,-5.05126
12.67,-1.7091,-0.046238,-5.19067
12.68,-2.95787,-0.0610211,-5.32781
12.69,-4.21574,-0.0812337,-5.46118
12.7,-5.48275,-0.109368,-5.58962
12.71,-6.75899,-0.148396,-5.71277
12.72,-8.04425,-0.198942,-5.83123
12.73,-9.33649,-0.258182,-5.94583
12.74,-10.6305,-0.321552,-6.05868
12.75,-11.9226,-0.383192,-6.17062
12.76,-13.2114,-0.438685,-6.28258
12.77,-14.4971,-0.486905,-6.39502
12.78,-15.7828,-0.53027,-6.50689
12.79,-17.074,-0.572115,-6.61745
12.8,-18.3747,-0.612172,-6.72572
12.81,-19.6882,-0.6512,-6.8318
12.82,-21.0135,-0.689792,-6.93684
12.83,-22.3448,-0.729053,-7.04181
12.84,-23.6728,-0.768481,-7.14546
12.85,-24.9886,-0.805687,-7.24604
12.86,-26.289,-0.839905,-7.34262
12.87,-27.5773,-0.8734,-7.43421
12.88,-28.8601,-0.9089,-7.51917
12.89,-30.1459,-0.952104,-7.59554
12.9,-31.4438,-1.00593,-7.66199
12.91,-32.7589,-1.0665,-7.72387
12.92,-34.088,-1.12338,-7.78909
12.93,-35.4219,-1.16829,-7.86437
12.94,-36.7503,-1.19889,-7.95115
12.95,-38.0687,-1.21896,-8.04353
12.96,-39.3803,-1.23507,-8.13549
12.97,-40.6945,-1.25122,-8.22213
12.98,-42.0228,-1.26582,-8.29958
12.99,-43.3739,-1.27846,-8.3688
13,-44.7469,-1.28912,-8.43859
13.01,-46.1308,-1.29479,-8.5126
13.02,-47.5158,-1.29406,-8.58891
13.03,-48.8944,-1.28839,-8.66646
13.04,-50.261,-1.27993,-8.744
13.05,-51.6154,-1.27148,-8.81922
13.06,-52.9635,-1.2649,-8.89315
13.07,-54.3119,-1.25823,-8.96971
13.08,-55.6635,-1.25133,-9.0525
13.09,-57.0131,-1.24499,-9.1425
13.1,-58.3481,-1.23846,-9.23634
13.11,-59.6534,-1.22534,-9.32654
13.12,-60.9169,-1.20169,-9.41072
13.13,-62.136,-1.17049,-9.49365
13.14,-63.3154,-1.13383,-9.5803
13.15,-64.4636,-1.09359,-9.66852
13.16,-65.5951,-1.05296,-9.75434
13.17,-66.7269,-1.02318,-9.8354
13.18,-67.868,-1.0134,-9.91528
13.19,-69.0086,-1.01768,-9.99694
13.2,-70.1251,-1.02767,-10.08
13.21,-71.1964,-1.03807,-10.1599
13.22,-72.2116,-1.04316,-10.2292
13.23,-73.1674,-1.04141,-10.2863
13.24,-74.0679,-1.02998,-10.3354
13.25,-74.9238,-1.00925,-10.3774
13.26,-75.7471,-0.984751,-10.4088
13.27,-76.5442,-0.965064,-10.4258
13.28,-77.3096,-0.949627,-10.4308
13.29,-78.03,-0.932504,-10.4254
13.3,-78.6937,-0.911635,-10.4135
13.31,-79.2976,-0.885547,-10.4005
13.32,-79.8445,-0.854921,-10.388
13.33,-80.3387,-0.820435,-10.3766
13.34,-80.7864,-0.782707,-10.3632
13.35,-81.1937,-0.743153,-10.3395
13.36,-81.5621,-0.703339,-10.3007
13.37,-81.888,-0.66364,-10.2509
13.38,-82.1644,-0.624286,-10.1983
13.39,-82.3844,-0.584008,-10.1492
13.4,-82.5446,-0.542256,-10.1051
13.41,-82.6453,-0.499882,-10.0649
13.42,-82.6904,-0.458478,-10.0212
13.43,-82.6838,-0.418191,-9.97352
13.44,-82.6284,-0.379449,-9.91841
13.45,-82.524,-0.343165,-9.85681
13.46,-82.3666,-0.30851,-9.79562
13.47,-82.1511,-0.273225,-9.74064
13.48,-81.8734,-0.235944,-9.69094
13.49,-81.533,-0.1952,-9.64195
13.5,-81.1315,-0.149328,-9.58836
13.51,-80.6713,-0.097439,-9.52074
13.52,-80.1521,-0.0383919,-9.42958
13.53,-79.5734,0.0295403,-9.31586
13.54,-78.9362,0.106824,-9.18618
13.55,-78.2394,0.193193,-9.04963
13.56,-77.4804,0.288578,-8.9137
13.57,-76.6597,0.391924,-8.78033
13.58,-75.7796,0.50224,-8.64521
13.59,-74.842,0.617939,-8.5012
13.6,-73.8487,0.738774,-8.34394
13.61,-72.8061,0.865241,-8.1673
13.62,-71.7215,0.995853,-7.96772
13.63,-70.5959,1.12761,-7.75154
13.64,-69.4223,1.26182,-7.53486
13.65,-68.1961,1.4012,-7.33166
13.66,-66.9229,1.54523,-7.14582
13.67,-65.611,1.69139,-6.97113
13.68,-64.268,1.83657,-6.79812
13.69,-62.902,1.97611,-6.61378
13.7,-61.524,2.10203,-6.41167
13.71,-60.1395,2.21617,-6.20194
13.72,-58.7427,2.32924,-5.99824
13.73,-57.3241,2.45093,-5.80999
13.74,-55.8802,2.58735,-5.64144
13.75,-54.4164,2.74039,-5.49234
13.76,-52.9399,2.90731,-5.35697
13.77,-51.4552,3.08385,-5.22241
13.78,-49.9692,3.26441,-5.07229
13.79,-48.4944,3.43658,-4.9002
13.8,-47.0392,3.60024,-4.72319
13.81,-45.6001,3.76899,-4.55945
13.82,-44.1696,3.95396,-4.41657
13.83,-42.7415,4.16279,-4.2936
13.84,-41.3109,4.40014,-4.18827
13.85,-39.8742,4.66593,-4.09932
13.86,-38.4297,4.94916,-4.01435
13.87,-36.9818,5.23592,-3.91885
13.88,-35.5378,5.51742,-3.802
13.89,-34.1042,5.78962,-3.65689
13.9,-32.6878,6.05307,-3.48604
13.91,-31.2902,6.31667,-3.29779
13.92,-29.9097,6.59193,-3.10176
13.93,-28.5468,6.88876,-2.90474
13.94,-27.2039,7.20741,-2.70941
13.95,-25.8832,7.53592,-2.51099
13.96,-24.5884,7.85376,-2.30122
13.97,-23.3277,8.14378,-2.07406
13.98,-22.1271,8.41666,-1.85237
13.99,-20.9824,8.67605,-1.63778
14,-19.8894,8.92561,-1.43176
14.01,-18.8445,9.1689,-1.23525
14.02,-17.8444,9.40936,-1.0491
14.03,-16.8861,9.65638,-0.878264
14.04,-15.9642,9.91096,-0.725619
14.05,-15.0725,10.1658,-0.589354
14.06,-14.2117,10.4089,-0.467204
14.07,-13.3854,10.6345,-0.359143
14.08,-12.5977,10.8444,-0.266273
14.09,-11.8496,11.0431,-0.193222
14.1,-11.139,11.2341,-0.143014
14.11,-10.462,11.4205,-0.116691
14.12,-9.81647,11.6038,-0.116753
14.13,-9.20161,11.7854,-0.145768
14.14,-8.61802,11.9641,-0.205424
14.15,-8.06701,12.1338,-0.29584
14.16,-7.55109,12.2842,-0.417064
14.17,-7.07558,12.4048,-0.570704
14.18,-6.64456,12.4896,-0.758478
14.19,-6.25922,12.5338,-0.982398
14.2,-5.91802,12.5346,-1.24501
14.21,-5.61691,12.4967,-1.54894
14.22,-5.34902,12.4272,-1.89443
14.23,-5.10495,12.3427,-2.28258
14.24,-4.8765,12.2605,-2.71217
14.25,-4.66135,12.1952,-3.1843
14.26,-4.46036,12.1529,-3.69987
14.27,-4.27589,12.1276,-4.25679
14.28,-4.11177,12.1071,-4.85361
14.29,-3.97138,12.0817,-5.49205
14.3,-3.85288,12.0445,-6.16892
14.31,-3.74579,11.9967,-6.87818
14.32,-3.63749,11.942,-7.61143
14.33,-3.51711,11.8871,-8.36171
14.34,-3.38113,11.8402,-9.12801
14.35,-3.23385,11.8056,-9.91279
14.36,-3.0828,11.7848,-10.7219
14.37,-2.93973,11.7718,-11.5643
14.38,-2.81426,11.759,-12.4425
14.39,-2.70418,11.74,-13.3488
14.4,-2.59981,11.7109,-14.2753
14.41,-2.49299,11.6739,-15.2182
14.42,-2.3784,11.6328,-16.1746
14.43,-2.2574,11.5909,-17.142
14.44,-2.13626,11.5571,-18.1227
14.45,-2.02368,11.5388,-19.1203
14.46,-1.92692,11.5409,-20.1396
14.47,-1.85029,11.5594,-21.1811
14.48,-1.79386,11.5834,-22.2416
14.49,-1.75347,11.6043,-23.3185
14.5,-1.72627,11.6212,-24.4097
14.51,-1.7101,11.6329,-25.5091
14.52,-1.70246,11.6413,-26.6062
14.53,-1.70318,11.6475,-27.6937
14.54,-1.71112,11.6577,-28.7692
14.55,-1.72515,11.6819,-29.831
14.56,-1.74765,11.719,-30.8829
14.57,-1.78303,11.7643,-31.9299
14.58,-1.8385,11.815,-32.9753
14.59,-1.91787,11.8694,-34.0249
14.6,-2.0203,11.9253,-35.0798
14.61,-2.14084,11.9758,-36.1378
14.62,-2.27273,12.0104,-37.1947
14.63,-2.4096,12.0233,-38.245
14.64,-2.5507,12.0185,-39.2868
14.65,-2.70079,12.0027,-40.3237
14.66,-2.86707,11.9797,-41.3641
14.67,-3.05703,11.9557,-42.4118
14.68,-3.27382,11.9374,-43.4712
14.69,-3.51558,11.9267,-44.5437
14.7,-3.773,11.9198,-45.6255
14.71,-4.034,11.903,-46.7118
14.72,-4.2898,11.8556,-47.7967
14.73,-4.53462,11.7595,-48.8749
14.74,-4.76674,11.6053,-49.9481
14.75,-4.99122,11.3995,-51.0199
14.76,-5.21517,11.1581,-52.0921
14.77,-5.44345,10.907,-53.1665
14.78,-5.67493,10.6726,-54.2431
14.79,-5.90191,10.4727,-55.3198
14.8,-6.11069,10.308,-56.3907
14.81,-6.28885,10.1653,-57.452
14.82,-6.43217,10.0169,-58.4987
14.83,-6.54593,9.84093,-59.5292
14.84,-6.64171,9.63584,-60.5506
14.85,-6.73076,9.41238,-61.5678
14.86,-6.81741,9.1827,-62.5776
14.87,-6.90119,8.96134,-63.577
14.88,-6.97838,8.76312,-64.5637
14.89,-7.04298,8.59187,-65.5356
14.9,-7.09378,8.44208,-66.4871
14.91,-7.13363,8.31055,-67.4138
14.92,-7.16628,8.19496,-68.3156
14.93,-7.19592,8.09016,-69.1948
14.94,-7.22589,7.99066,-70.0547
14.95,-7.25912,7.89173,-70.8994
14.96,-7.29969,7.7907,-71.7323
14.97,-7.35232,7.68994,-72.5556
14.98,-7.42038,7.59105,-73.3691
14.99,-7.50404,7.49507,-74.173
15,-7.60056,7.399,-74.9631
15.01,-7.70262,7.31203,-75.7291
15.02,-7.81076,7.2348,-76.4732
15.03,-7.92549,7.16837,-77.1972
15.04,-8.04733,7.11289,-77.9026
15.05,-8.17654,7.06884,-78.5907
15.06,-8.31298,7.03631,-79.2628
15.07,-8.4565,7.01526,-79.9198
15.08,-8.60666,7.00491,-80.5622
15.09,-8.76042,7.00425,-81.188
15.1,-8.91203,7.00643,-81.7924
15.11,-9.05686,7.00443,-82.3718
15.12,-9.19218,6.99657,-82.9248
15.13,-9.31768,6.9833,-83.4526
15.14,-9.4359,6.96435,-83.9581
15.15,-9.5516,6.94204,-84.4421
15.16,-9.6671,6.91913,-84.906
15.17,-9.78219,6.89912,-85.35
15.18,-9.89496,6.88477,-85.7717
15.19,-10.0015,6.87674,-86.1677
15.2,-10.0965,6.873,-86.534
15.21,-10.1747,6.87039,-86.8676
15.22,-10.2334,6.86416,-87.1661
15.23,-10.2736,6.84838,-87.428
15.24,-10.2995,6.81887,-87.6542
15.25,-10.3179,6.77864,-87.8458
15.26,-10.3349,6.7362,-88.0051
15.27,-10.3519,6.70129,-88.1328
15.28,-10.3646,6.68207,-88.2271
15.29,-10.3665,6.68016,-88.2853
15.3,-10.3529,6.69044,-88.3047
15.31,-10.3246,6.70096,-88.2828
15.32,-10.2859,6.70083,-88.2172
15.33,-10.2413,6.68393,-88.1068
15.34,-10.2135,6.69632,-87.96
15.35,-10.2003,6.73657,-87.779
15.36,-10.1996,6.80291,-87.5658
15.37,-10.2095,6.89329,-87.322
15.38,-10.2276,7.00524,-87.0487
15.39,-10.2473,7.12585,-86.7415
15.4,-10.2644,7.23694,-86.3941
15.41,-10.2784,7.32259,-86.0021
15.42,-10.292,7.37393,-85.5621
15.43,-10.3083,7.39419,-85.0751
15.44,-10.3327,7.40346,-84.5481
15.45,-10.3706,7.42872,-83.9878
15.46,-10.4219,7.48913,-83.3991
15.47,-10.4813,7.58947,-82.7829
15.48,-10.5404,7.71863,-82.1362
15.49,-10.5917,7.85761,-81.4509
15.5,-10.6276,7.98438,-80.7188
15.51,-10.6444,8.08797,-79.9361
15.52,-10.6406,8.17005,-79.1065
15.53,-10.6179,8.2473,-78.2378
15.54,-10.5787,8.33935,-77.3381
15.55,-10.5224,8.46212,-76.4141
15.56,-10.4477,8.6209,-75.4686
15.57,-10.3531,8.8061,-74.5005
15.58,-10.2383,9.00209,-73.506
15.59,-10.1048,9.1941,-72.4813
15.6,-9.95608,9.3752,-71.4261
15.61,-9.7984,9.54751,-70.3473
15.62,-9.63994,9.72263,-69.2533
15.63,-9.4845,9.91412,-68.1502
15.64,-9.32852,10.1295,-67.0393
15.65,-9.1656,10.3721,-65.9188
15.66,-8.99022,10.6404,-64.7856
15.67,-8.79993,10.9287,-63.6345
15.68,-8.59692,11.2255,-62.4609
15.69,-8.38703,11.5209,-61.2643
15.7,-8.177,11.81,-60.0502
15.71,-7.97087,12.0896,-58.8262
15.72,-7.76691,12.3572,-57.5963
15.73,-7.55996,12.6104,-56.3609
15.74,-7.34578,12.8445,-55.1186
15.75,-7.12177,13.0518,-53.8657
15.76,-6.88759,13.2257,-52.5989
15.77,-6.64391,13.3636,-51.315
15.78,-6.3915,13.471,-50.0108
15.79,-6.13031,13.5546,-48.6849
15.8,-5.8605,13.6207,-47.3406
15.81,-5.58591,13.6758,-45.9808
15.82,-5.31081,13.7227,-44.6091
15.83,-5.03947,13.7642,-43.2363
15.84,-4.7732,13.8087,-41.8703
15.85,-4.50874,13.8638,-40.5136
15.86,-4.24002,13.9362,-39.163
15.87,-3.96122,14.0288,-37.8094
15.88,-3.66948,14.139,-36.4435
15.89,-3.3644,14.2619,-35.0577
15.9,-3.04794,14.3957,-33.6495
15.91,-2.72228,14.5408,-32.2188
15.92,-2.38671,14.6942,-30.7654
15.93,-2.04449,14.843,-29.2906
15.94,-1.708,14.9611,-27.7965
15.95,-1.39043,15.0277,-26.2886
15.96,-1.09835,15.0406,-24.7779
15.97,-0.829365,15.0145,-23.2779
15.98,-0.572292,14.9766,-21.7966
15.99,-0.312922,14.9533,-20.3381
16,-0.0374199,14.9611,-18.9019
16.01,0.262437,15.0045,-17.4844
16.02,0.586606,15.0791,-16.0794
16.03,0.929121,15.1747,-14.6791
16.04,1.28175,15.2725,-13.2774
16.05,1.63538,15.3526,-11.8728
16.06,1.98253,15.4015,-10.4655
16.07,2.31856,15.4147,-9.05925
16.08,2.64254,15.3989,-7.65903
16.09,2.95685,15.3645,-6.26957
16.1,3.27102,15.319,-4.89548
16.11,3.59531,15.2671,-3.53793
16.12,3.9366,15.2067,-2.19529
16.13,4.29736,15.1322,-0.861359
16.14,4.67689,15.0413,0.472515
16.15,5.07083,14.9318,1.8128
16.16,5.47342,14.8021,3.16239
16.17,5.87994,14.6518,4.51931
16.18,6.28618,14.481,5.87894
16.19,6.68891,14.2938,7.23532
16.2,7.08542,14.1006,8.58172
16.21,7.47561,13.91,9.91357
16.22,7.86132,13.7232,11.2307
16.23,8.24509,13.537,12.5352
16.24,8.62499,13.3498,13.8294
16.25,8.99464,13.1613,15.1183
16.26,9.34661,12.9698,16.4051
16.27,9.67671,12.7715,17.6893
16.28,9.98291,12.5674,18.9693
16.29,10.2614,12.3631,20.244
16.3,10.5084,12.1629,21.5107
16.31,10.7215,11.9663,22.7675
16.32,10.9014,11.767,24.0156
16.33,11.0519,11.5545,25.2603
16.34,11.1768,11.3146,26.5081
16.35,11.2778,11.0359,27.7645
16.36,11.3562,10.7153,29.0332
16.37,11.4142,10.3585,30.3137
16.38,11.4553,9.97556,31.6022
16.39,11.4835,9.57592,32.899
16.4,11.4982,9.15895,34.2074
16.41,11.4965,8.71505,35.5307
16.42,11.4795,8.23827,36.8685
16.43,11.4512,7.73127,38.2189
16.44,11.4142,7.20434,39.5796
16.45,11.3681,6.66585,40.9472
16.46,11.3136,6.1227,42.3189
16.47,11.2535,5.58315,43.6957
16.48,11.1868,5.05438,45.0774
16.49,11.1086,4.54197,46.4634
16.5,11.0146,4.04752,47.8507
16.51,10.904,3.57591,49.2353
16.52,10.7774,3.13373,50.6147
16.53,10.6341,2.72491,51.9872
16.54,10.4743,2.35299,53.3508
16.55,10.3057,2.02157,54.7062
16.56,10.1292,1.72733,56.0541
16.57,9.94365,1.46597,57.3948
16.58,9.74858,1.23611,58.7316
16.59,9.54348,1.04058,60.0701
16.6,9.32701,0.881482,61.4139
16.61,9.09822,0.761715,62.7683
16.62,8.85727,0.680969,64.1375
16.63,8.60632,0.626234,65.52
16.64,8.3512,0.582898,66.9105
16.65,8.09596,0.541584,68.3014
16.66,7.84197,0.505806,69.6848
16.67,7.58992,0.483361,71.0493
16.68,7.3394,0.479272,72.3832
16.69,7.09099,0.491857,73.679
16.7,6.84659,0.512518,74.9356
16.71,6.60873,0.532149,76.1536
16.72,6.38107,0.548485,77.3336
16.73,6.16791,0.566086,78.4746
16.74,5.97177,0.586139,79.5739
16.75,5.79514,0.610979,80.6255
16.76,5.63991,0.639846,81.6245
16.77,5.50842,0.669788,82.5671
16.78,5.40134,0.698196,83.4502
16.79,5.3187,0.724753,84.2716
16.8,5.26008,0.752879,85.0282
16.81,5.22314,0.781499,85.7136
16.82,5.20663,0.814397,86.3235
16.83,5.20903,0.85725,86.8572
16.84,5.22906,0.909952,87.3151
16.85,5.2668,0.966293,87.6979
16.86,5.3227,1.02253,88.0063
16.87,5.39735,1.08424,88.2264
16.88,5.48923,1.15124,88.3631
16.89,5.59715,1.22343,88.4212
16.9,5.71961,1.30107,88.4053
16.91,5.85546,1.38425,88.3201
16.92,6.00249,1.47258,88.1664
16.93,6.15879,1.56141,87.9463
16.94,6.32427,1.64556,87.6611
16.95,6.50047,1.71856,87.3113
16.96,6.68989,1.77787,86.8968
16.97,6.89799,1.83434,86.4154
16.98,7.12499,1.8967,85.8655
16.99,7.36649,1.96875,85.2461
17,7.61829,2.05281,84.5578
17.01,7.87778,2.14756,83.8044
17.02,8.14116,2.24475,82.9898
17.03,8.40312,2.32659,82.1162
17.04,8.66373,2.37821,81.1891
17.05,8.93274,2.40346,80.2119
17.06,9.2175,2.41618,79.1834
17.07,9.51897,2.43243,78.104
17.08,9.83472,2.46826,76.9776
17.09,10.1581,2.53812,75.8066
17.1,10.4821,2.64957,74.5896
17.11,10.8042,2.80327,73.3243
17.12,11.1221,2.98929,72.0117
17.13,11.4321,3.18611,70.6585
17.14,11.7309,3.36202,69.2757
17.15,12.0247,3.50265,67.8722
17.16,12.3203,3.6142,66.4519
17.17,12.6188,3.71859,65.0192
17.18,12.9174,3.83791,63.5786
17.19,13.2097,3.98587,62.1321
17.2,13.4871,4.17149,60.677
17.21,13.7452,4.39429,59.2106
17.22,13.983,4.64443,57.7336
17.23,14.202,4.9076,56.2511
17.24,14.4054,5.17358,54.7699
17.25,14.5972,5.44265,53.2964
17.26,14.7782,5.71825,51.8348
17.27,14.9456,6.00254,50.3877
17.28,15.0949,6.29669,48.9564
17.29,15.2203,6.59869,47.5383
17.3,15.3181,6.90762,46.1298
17.31,15.3888,7.22479,44.7279
17.32,15.4343,7.54991,43.3326
17.33,15.4579,7.88359,41.9476
17.34,15.4628,8.22632,40.5765
17.35,15.4508,8.57609,39.2221
17.36,15.4214,8.93196,37.885
17.37,15.3709,9.29487,36.5634
17.38,15.2964,9.66478,35.2555
17.39,15.1959,10.0404,33.9632
17.4,15.0692,10.4181,32.6899
17.41,14.9174,10.7934,31.4368
17.42,14.7427,11.1632,30.2027
17.43,14.5493,11.5266,28.9871
17.44,14.3429,11.8867,27.7912
17.45,14.1285,12.2518,26.6177
17.46,13.9073,12.6285,25.4671
17.47,13.676,13.0199,24.3387
17.48,13.4319,13.4285,23.2333
17.49,13.1745,13.8564,22.1528
17.5,12.9048,14.3025,21.0973
17.51,12.6239,14.7646,20.0669
17.52,12.3328,15.2386,19.0624
17.53,12.0327,15.7187,18.0841
17.54,11.7224,16.1961,17.1289
17.55,11.4002,16.6629,16.1925
17.56,11.0646,17.1141,15.2722
17.57,10.7148,17.5491,14.3668
17.58,10.3515,17.9717,13.4756
17.59,9.97673,18.3894,12.5996
17.6,9.59234,18.8111,11.7421
17.61,9.20067,19.2427,10.9069
17.62,8.80622,19.6887,10.0981
17.63,8.41625,20.1521,9.31937
17.64,8.03416,20.6418,8.57712
17.65,7.66181,21.1676,7.87487
17.66,7.29983,21.7255,7.21224
17.67,6.95026,22.3004,6.58587
17.68,6.61485,22.8706,5.99019
17.69,6.29782,23.4132,5.41979
17.7,6.00321,23.9104,4.87238
17.71,5.7352,24.3533,4.34721
17.72,5.49582,24.7403,3.8449
17.73,5.28715,25.0755,3.36827
17.74,5.1097,25.3665,2.91913
17.75,4.95997,25.6231,2.49566
17.76,4.83245,25.8562,2.09482
17.77,4.72122,26.0772,1.71211
17.78,4.62333,26.2963,1.34379
17.79,4.53849,26.5174,0.988602
17.8,4.46648,26.7377,0.645748
17.81,4.40683,26.9497,0.314288
17.82,4.35803,27.143,-0.00690883
17.83,4.3174,27.3091,-0.320332
17.84,4.28357,27.4438,-0.628194
17.85,4.25746,27.549,-0.932026
17.86,4.24114,27.6316,-1.23359
17.87,4.23664,27.6997,-1.53373
17.88,4.24597,27.7604,-1.83126
17.89,4.27029,27.8189,-2.12506
17.9,4.30937,27.8755,-2.4146
17.91,4.36378,27.9275,-2.69852
17.92,4.43162,27.9696,-2.97753
17.93,4.5094,27.995,-3.25426
17.94,4.595,27.9978,-3.53032
17.95,4.6876,27.9761,-3.80719
17.96,4.78692,27.9314,-4.08582
17.97,4.89229,27.8676,-4.36513
17.98,5.0028,27.7898,-4.64254
17.99,5.1175,27.7054,-4.91551
18,5.23695,27.625,-5.17997
18.01,5.36292,27.5579,-5.43374
18.02,5.50165,27.5093,-5.67203
18.03,5.66035,27.4789,-5.89207
18.04,5.84943,27.4662,-6.0949
18.05,6.07758,27.4678,-6.28436
18.06,6.35155,27.4792,-6.46347
18.07,6.67586,27.4958,-6.63532
18.08,7.04544,27.5067,-6.80666
18.09,7.45764,27.509,-6.98314
18.1,7.90825,27.5023,-7.16743
18.11,8.39439,27.4876,-7.35755
18.12,8.91573,27.4708,-7.54761
18.13,9.47246,27.4623,-7.73171
18.14,10.0651,27.4757,-7.90452
18.15,10.6941,27.5263,-8.0616
18.16,11.3569,27.6269,-8.20042
18.17,12.0504,27.7848,-8.31864
18.18,12.7719,28.003,-8.41138
18.19,13.5195,28.2801,-8.473
18.2,14.2911,28.6102,-8.49864
18.21,15.0825,28.9843,-8.4857
18.22,15.8902,29.3917,-8.43366
18.23,16.7134,29.8274,-8.34166
18.24,17.5531,30.2908,-8.20761
18.25,18.4089,30.7856,-8.02907
18.26,19.2786,31.3173,-7.80254
18.27,20.1596,31.8904,-7.52242
18.28,21.0516,32.5054,-7.18106
18.29,21.9549,33.156,-6.77308
18.3,22.8696,33.8287,-6.29813
18.31,23.796,34.5072,-5.75819
18.32,24.7349,35.1778,-5.15597
18.33,25.6853,35.8312,-4.49476
18.34,26.6432,36.4609,-3.77809
18.35,27.6046,37.0647,-3.00705
18.36,28.5663,37.6453,-2.17977
18.37,29.5234,38.2056,-1.2939
18.38,30.4698,38.746,-0.34652
18.39,31.4001,39.2644,0.664928
18.4,32.2852,39.7522,1.7333
18.41,33.1277,40.2091,2.85413
18.42,33.9297,40.6347,4.02333
18.43,34.6934,41.0283,5.23639
18.44,35.4197,41.3897,6.48888
18.45,36.1046,41.7149,7.77131
18.46,36.7454,42.0027,9.07432
18.47,37.3359,42.2542,10.3897
18.48,37.8708,42.472,11.7104
18.49,38.3455,42.6591,13.0319
18.5,38.7579,42.8191,14.352
18.51,39.1097,42.9556,15.6706
18.52,39.4028,43.0708,16.9877
18.53,39.6382,43.1655,18.3013
18.54,39.8124,43.2368,19.6044
18.55,39.9241,43.2818,20.8891
18.56,39.9745,43.2983,22.1467
18.57,39.9616,43.2818,23.3635
18.58,39.879,43.2259,24.5254
18.59,39.7221,43.1257,25.622
18.6,39.4867,42.9786,26.6467
18.61,39.1708,42.7846,27.5984
18.62,38.7758,42.5481,28.4797
18.63,38.3081,42.2758,29.2963
18.64,37.7758,41.9751,30.0548
18.65,37.1871,41.6533,30.7594
18.66,36.5469,41.3128,31.4109
18.67,35.8537,40.9477,32.0085
18.68,35.1048,40.5484,32.5529
18.69,34.299,40.1061,33.0444
18.7,33.44,39.6185,33.4822
18.71,32.5322,39.0851,33.8626
18.72,31.5826,38.5083,34.1849
18.73,30.6019,37.8946,34.4546
18.74,29.5981,37.2516,34.6781
18.75,28.5792,36.5858,34.8625
18.76,27.5526,35.8986,35.0142
18.77,26.5225,35.1851,35.1376
18.78,25.4908,34.4351,35.2313
18.79,24.4605,33.6351,35.2927
18.8,23.4378,32.7748,35.3208
18.81,22.4279,31.8512,35.3171
18.82,21.4358,30.8717,35.2857
18.83,20.4653,29.849,35.2324
18.84,19.518,28.7959,35.1622
18.85,18.594,27.7252,35.0797
18.86,17.6945,26.6474,34.9892
18.87,16.8215,25.567,34.895
18.88,15.9788,24.4829,34.8017
18.89,15.1696,23.3903,34.7119
18.9,14.397,22.2823,34.6281
18.91,13.664,21.1495,34.552
18.92,12.9752,19.9856,34.4857
18.93,12.3347,18.7896,34.4279
18.94,11.7436,17.5664,34.375
18.95,11.2,16.3257,34.3249
18.96,10.7002,15.078,34.2783
18.97,10.2414,13.8323,34.238
18.98,9.82384,12.592,34.2089
18.99,9.44824,11.354,34.1967
19,9.11735,10.1107,34.2063
19.01,8.8362,8.8525,34.2405
19.02,8.61169,7.56929,34.2985
19.03,8.4508,6.25348,34.3763
19.04,8.35978,4.90264,34.4683
19.05,8.34156,3.51774,34.568
19.06,8.39622,2.10114,34.6675
19.07,8.52401,0.656813,34.7603
19.08,8.72514,-0.811934,34.8438
19.09,9.00126,-2.30171,34.9193
19.1,9.35254,-3.81117,34.9907
19.11,9.77784,-5.34039,35.0616
19.12,10.2751,-6.89055,35.1333
19.13,10.8421,-8.46205,35.2063
19.14,11.4775,-10.053,35.2803
19.15,12.1808,-11.6578,35.3532
19.16,12.9491,-13.268,35.424
19.17,13.7805,-14.8748,35.4921
19.18,14.6708,-16.4691,35.559
19.19,15.6123,-18.0396,35.6283
19.2,16.5981,-19.5801,35.7043
19.21,17.6186,-21.0836,35.7928
19.22,18.6631,-22.5431,35.9003
19.23,19.7226,-23.9532,36.0324
19.24,20.7895,-25.3113,36.1941
19.25,21.8576,-26.6158,36.3886
19.26,22.923,-27.8662,36.6167
19.27,23.981,-29.0608,36.8785
19.28,25.0277,-30.199,37.1734
19.29,26.0601,-31.2807,37.5013
19.3,27.0741,-32.3069,37.8637
19.31,28.0643,-33.2785,38.2639
19.32,29.0241,-34.1954,38.7068
19.33,29.9455,-35.0546,39.1993
19.34,30.8185,-35.8524,39.749
19.35,31.634,-36.5853,40.362
19.36,32.3838,-37.2487,41.0438
19.37,33.0605,-37.8378,41.7993
19.38,33.6582,-38.3467,42.6318
19.39,34.1734,-38.7692,43.5428
19.4,34.605,-39.1021,44.5336
19.41,34.9515,-39.3466,45.604
19.42,35.2155,-39.5068,46.7488
19.43,35.4007,-39.5891,47.9594
19.44,35.5115,-39.6,49.2272
19.45,35.5525,-39.5445,50.5444
19.46,35.5274,-39.4239,51.9058
19.47,35.4383,-39.2364,53.3098
19.48,35.2854,-38.9804,54.7558
19.49,35.0691,-38.6538,56.2424
19.5,34.7904,-38.2535,57.766
19.51,34.4513,-37.7776,59.3208
19.52,34.0562,-37.2268,60.8974
19.53,33.6103,-36.6033,62.4853
19.54,33.1186,-35.9102,64.075
19.55,32.5864,-35.1519,65.6581
19.56,32.0184,-34.3327,67.2285
19.57,31.4189,-33.4573,68.7806
19.58,30.7934,-32.5318,70.308
19.59,30.1478,-31.5639,71.8035
19.6,29.4866,-30.5646,73.2599
19.61,28.8123,-29.5501,74.6693
19.62,28.1266,-28.5394,76.0229
19.63,27.4311,-27.5487,77.3132
19.64,26.7275,-26.5902,78.534
19.65,26.0162,-25.6702,79.6824
19.66,25.2969,-24.7903,80.7581
19.67,24.5657,-23.9502,81.7631
19.68,23.8195,-23.1493,82.6998
19.69,23.0532,-22.3861,83.5715
19.7,22.2619,-21.6604,84.3803
19.71,21.4424,-20.9739,85.1277
19.72,20.5943,-20.3285,85.815
19.73,19.7181,-19.7259,86.4436
19.74,18.8141,-19.1681,87.0148
19.75,17.8841,-18.6574,87.531
19.76,16.9304,-18.1953,87.9958
19.77,15.9562,-17.7835,88.4136
19.78,14.9635,-17.4231,88.7885
19.79,13.9529,-17.116,89.1244
19.8,12.9254,-16.8636,89.4244
19.81,11.8843,-16.6643,89.6913
19.82,10.834,-16.5156,89.9279
19.83,9.77966,-16.4134,90.1375
19.84,8.72587,-16.352,90.3235
19.85,7.67466,-16.3241,90.4904
19.86,6.62745,-16.3199,90.6425
19.87,5.58347,-16.3271,90.7837
19.88,4.54237,-16.3342,90.917
19.89,3.50291,-16.3318,91.0439
19.9,2.46345,-16.3145,91.1654
19.91,1.42475,-16.28,91.2822
19.92,0.386458,-16.228,91.3957
19.93,-0.651119,-16.163,91.5069
19.94,-1.68731,-16.093,91.6164
19.95,-2.7215,-16.0273,91.7254
19.96,-3.75348,-15.9879,91.8383
19.97,-4.78386,-15.9723,91.9558
19.98,-5.81298,-15.9779,92.0784
19.99,-6.84146,-16.0024,92.2065
20,-7.86945,-16.0433,92.3405
20.01,-8.89511,-16.0806,92.4762
20.02,-9.91847,-16.1154,92.6137
20.03,-10.9395,-16.1482,92.7531
20.04,-11.9583,-16.1797,92.8943
20.05,-12.9746,-16.2105,93.0375
20.06,-13.9884,-16.2418,93.1829
20.07,-14.9989,-16.2774,93.3316
20.08,-16.0041,-16.3232,93.4854
20.09,-17.0012,-16.3845,93.6456
20.1,-17.987,-16.4642,93.8127
20.11,-18.9585,-16.5621,93.9857
20.12,-19.9125,-16.6749,94.1626
20.13,-20.8449,-16.7975,94.3408
20.14,-21.7509,-16.9232,94.5172
20.15,-22.6268,-17.047,94.6892
20.16,-23.4702,-17.1647,94.8542
20.17,-24.2795,-17.2725,95.0088
20.18,-25.0534,-17.3687,95.1512
20.19,-25.7906,-17.4536,95.2806
20.2,-26.4889,-17.5304,95.3983
20.21,-27.1451,-17.603,95.5069
20.22,-27.7559,-17.6754,95.6089
20.23,-28.318,-17.7498,95.7062
20.24,-28.8285,-17.8271,95.7992
20.25,-29.286,-17.9067,95.8875
20.26,-29.6884,-17.9867,95.9698
20.27,-30.0336,-18.0641,96.0433
20.28,-30.3196,-18.1361,96.1058
20.29,-30.5452,-18.2005,96.1558
20.3,-30.709,-18.257,96.1931
20.31,-30.8102,-18.3076,96.2194
20.32,-30.8485,-18.355,96.237
20.33,-30.8248,-18.4024,96.2492
20.34,-30.7407,-18.4525,96.2587
20.35,-30.5976,-18.5067,96.2667
20.36,-30.3962,-18.565,96.2728
20.37,-30.1351,-18.6269,96.2759
20.38,-29.8134,-18.6914,96.2735
20.39,-29.4314,-18.7569,96.2633
20.4,-28.9912,-18.823,96.2446
20.41,-28.4956,-18.8892,96.2175
20.42,-27.9473,-18.9545,96.1831
20.43,-27.3499,-19.0189,96.1439
20.44,-26.7062,-19.0832,96.1018
20.45,-26.0185,-19.1483,96.0588
20.46,-25.289,-19.2152,96.0161
20.47,-24.5202,-19.2851,95.9748
20.48,-23.7144,-19.3588,95.9349
20.49,-22.8741,-19.4366,95.8967
20.5,-22.002,-19.5185,95.8604
20.51,-21.1011,-19.6058,95.8265
20.52,-20.1752,-19.6994,95.7959
20.53,-19.2276,-19.8007,95.7698
20.54,-18.2617,-19.9116,95.7488
20.55,-17.281,-20.0337,95.7335
20.56,-16.2887,-20.1688,95.7242
20.57,-15.2892,-20.319,95.7221
20.58,-14.2852,-20.4861,95.7277
20.59,-13.2791,-20.6715,95.7416
20.6,-12.2728,-20.8755,95.7636
20.61,-11.269,-21.0967,95.7931
20.62,-10.2719,-21.3329,95.8291
20.63,-9.28621,-21.5807,95.8707
20.64,-8.31697,-21.8361,95.9173
20.65,-7.36827,-22.0954,95.968
20.66,-6.44366,-22.3568,96.0225
20.67,-5.54628,-22.6194,96.0802
20.68,-4.67999,-22.8821,96.1406
20.69,-3.8472,-23.1427,96.2047
20.7,-3.05146,-23.4004,96.2727
20.71,-2.29837,-23.656,96.3438
20.72,-1.59303,-23.9093,96.4165
20.73,-0.937963,-24.1592,96.489
20.74,-0.334402,-24.4043,96.5598
20.75,0.217436,-24.6434,96.6276
20.76,0.71784,-24.8771,96.6903
20.77,1.16782,-25.1062,96.7458
20.78,1.56644,-25.3316,96.7935
20.79,1.91609,-25.5529,96.8334
20.8,2.21905,-25.7695,96.8655
20.81,2.4774,-25.9805,96.8895
20.82,2.69153,-26.1845,96.9055
20.83,2.86165,-26.379,96.9138
20.84,2.9859,-26.559,96.9156
20.85,3.06382,-26.7206,96.9122
20.86,3.09589,-26.8604,96.9037
20.87,3.08274,-26.9757,96.8907
20.88,3.02471,-27.064,96.8736
20.89,2.92409,-27.1244,96.8535
20.9,2.78577,-27.1574,96.8304
20.91,2.61541,-27.1659,96.8042
20.92,2.41862,-27.1546,96.7752
20.93,2.20057,-27.1293,96.7433
20.94,1.96526,-27.0957,96.7082
20.95,1.71647,-27.0581,96.6701
20.96,1.45905,-27.0175,96.6283
20.97,1.19753,-26.9732,96.584
20.98,0.935117,-26.9246,96.5388
20.99,0.675058,-26.8723,96.4923
21,0.419411,-26.8167,96.4437
21.01,0.170343,-26.7573,96.3924
21.02,-0.0686896,-26.6918,96.3383
21.03,-0.293987,-26.6172,96.2823
21.04,-0.502702,-26.5331,96.2234
21.05,-0.693473,-26.4413,96.159
21.06,-0.863704,-26.3419,96.0881
21.07,-1.01028,-26.2346,96.0119
21.08,-1.1314,-26.1224,95.9306
21.09,-1.22748,-26.0118,95.8427
21.1,-1.30039,-25.9105,95.7473
21.11,-1.3524,-25.8238,95.6454
21.12,-1.3855,-25.7568,95.5422
21.13,-1.40412,-25.7114,95.444
21.14,-1.41297,-25.6881,95.3564
21.15,-1.41679,-25.6875,95.2844
21.16,-1.41675,-25.7125,95.2321
21.17,-1.41234,-25.7665,95.2027
21.18,-1.40154,-25.8536,95.1959
21.19,-1.38086,-25.9753,95.208
21.2,-1.34574,-26.1306,95.232
21.21,-1.29274,-26.315,95.2596
21.22,-1.22542,-26.5194,95.2868
21.23,-1.15043,-26.7328,95.3152
21.24,-1.07211,-26.9495,95.3454
21.25,-0.992135,-27.1667,95.3762
21.26,-0.907606,-27.3758,95.4054
21.27,-0.817345,-27.5662,95.4304
21.28,-0.72099,-27.7306,95.4477
21.29,-0.616701,-27.8699,95.4567
21.3,-0.498819,-27.9925,95.4555
21.31,-0.363639,-28.1032,95.4408
21.32,-0.212977,-28.205,95.4105
21.33,-0.0520765,-28.3019,95.3645
21.34,0.112426,-28.3968,95.3053
21.35,0.272366,-28.4909,95.24
21.36,0.423007,-28.5819,95.178
21.37,0.564434,-28.6624,95.123
21.38,0.69845,-28.7192,95.0753
21.39,0.824949,-28.7366,95.0348
21.4,0.942678,-28.708,95.0031
21.41,1.04703,-28.6343,94.9835
21.42,1.13793,-28.5252,94.9751
21.43,1.21777,-28.3947,94.9734
21.44,1.2879,-28.2573,94.9742
21.45,1.36577,-28.165,94.9721
21.46,1.45091,-28.1131,94.9677
21.47,1.54221,-28.0968,94.9622
21.48,1.63891,-28.1119,94.956
21.49,1.73996,-28.1531,94.9498
21.5,1.84045,-28.2051,94.9457
21.51,1.93559,-28.2574,94.9445
21.52,2.02364,-28.3016,94.9465
21.53,2.10478,-28.3314,94.9522
21.54,2.17876,-28.3473,94.962
21.55,2.24701,-28.3547,94.9725
21.56,2.31315,-28.3623,94.9804
21.57,2.38007,-28.3783,94.9858
21.58,2.44864,-28.41,94.9891
21.59,2.5169,-28.46,94.9926
21.6,2.58132,-28.5274,95.0002
21.61,2.63935,-28.6096,95.0148
21.62,2.69187,-28.7029,95.0347
21.63,2.74388,-28.8036,95.0528
21.64,2.79904,-28.9046,95.0634
21.65,2.85663,-29.0025,95.0641
21.66,2.9132,-29.0978,95.0554
21.67,2.96359,-29.1926,95.0407
21.68,3.00293,-29.2874,95.0272
21.69,3.02837,-29.3852,95.023
21.7,3.04021,-29.4862,95.0323
21.71,3.04096,-29.5901,95.0539
21.72,3.03551,-29.6949,95.0841
21.73,3.02857,-29.7979,95.1162
21.74,3.02119,-29.8915,95.1474
21.75,3.01284,-29.968,95.1778
21.76,3.00197,-30.0231,95.2091
21.77,2.98646,-30.0584,95.2433
21.78,2.96571,-30.0803,95.2831
21.79,2.94262,-30.096,95.3295
21.8,2.9207,-30.1135,95.381
21.81,2.9068,-30.1301,95.4338
21.82,2.90536,-30.1394,95.4856
21.83,2.91503,-30.1289,95.5367
21.84,2.93214,-30.087,95.5865
21.85,2.94967,-30.006,95.6364
21.86,2.96152,-29.8918,95.6896
21.87,2.9656,-29.7565,95.7479
21.88,2.96481,-29.6098,95.8098
21.89,2.96282,-29.4595,95.8741
21.9,2.96329,-29.3149,95.9398
21.91,2.96933,-29.1851,96.004
21.92,2.9804,-29.0742,96.0675
21.93,2.99448,-28.9787,96.1334
21.94,3.01053,-28.8921,96.1996
21.95,3.02795,-28.8094,96.2633
21.96,3.04738,-28.7288,96.3215
21.97,3.0692,-28.6543,96.3742
21.98,3.0929,-28.59,96.4216
21.99,3.11612,-28.5369,96.464
22,3.1378,-28.4919,96.5025
22.01,3.15786,-28.4474,96.5399
22.02,3.17927,-28.3862,96.5816
22.03,3.20408,-28.3055,96.6284
22.04,3.23472,-28.2239,96.6741
22.05,3.27234,-28.1533,96.7106
22.06,3.31492,-28.092,96.7392
22.07,3.36382,-28.0409,96.759
22.08,3.42173,-28.004,96.7667
22.09,3.48199,-27.9728,96.7628
22.1,3.52854,-27.9411,96.7592
22.11,3.56272,-27.9017,96.7601
22.12,3.58472,-27.863,96.7655
22.13,3.60059,-27.8313,96.769
22.14,3.60967,-27.8015,96.7728
22.15,3.61107,-27.7706,96.7764
22.16,3.60828,-27.7411,96.7765
22.17,3.60408,-27.7145,96.7708
22.18,3.60028,-27.6905,96.7591
22.19,3.59785,-27.6686,96.7418
22.2,3.5963,-27.6494,96.7206
22.21,3.59079,-27.6364,96.6971
22.22,3.57869,-27.623,96.67
22.23,3.55668,-27.6118,96.6399
22.24,3.52098,-27.5994,96.6064
22.25,3.46985,-27.5867,96.568
22.26,3.40272,-27.5739,96.5227
22.27,3.31979,-27.5617,96.4686
22.28,3.2228,-27.5512,96.4051
22.29,3.11376,-27.5418,96.3337
22.3,2.99495,-27.5341,96.2581
22.31,2.86768,-27.5284,96.1825
22.32,2.7347,-27.5243,96.1118
22.33,2.60057,-27.5223,96.0474
22.34,2.46863,-27.5234,95.9895
22.35,2.33921,-27.5258,95.938
22.36,2.206,-27.5298,95.8932
22.37,2.06235,-27.5325,95.8534
22.38,1.89661,-27.5336,95.818
22.39,1.68578,-27.5325,95.7867
22.4,1.47595,-27.5021,95.7563
22.41,1.30264,-27.5055,95.7276
22.42,1.14639,-27.5075,95.7016
22.43,0.990662,-27.4997,95.6778
22.44,0.847307,-27.4946,95.6554
22.45,0.717518,-27.4942,95.6344
22.46,0.595717,-27.4944,95.6151
22.47,0.481053,-27.4927,95.5973
22.48,0.374697,-27.4896,95.5806
22.49,0.275004,-27.4836,95.5649
22.5,0.180849,-27.4742,95.5502
22.51,0.0929345,-27.4635,95.5364
22.52,0.010504,-27.451,95.5233
22.53,-0.0678057,-27.4361,95.5109
22.54,-0.141695,-27.419,95.499
22.55,-0.211365,-27.399,95.4871
22.56,-0.27877,-27.3715,95.4758
22.57,-0.345068,-27.3327,95.4647
22.58,-0.406884,-27.296,95.4543
22.59,-0.463795,-27.2666,95.4448
22.6,-0.517612,-27.2354,95.4358
22.61,-0.568086,-27.2057,95.4273
22.62,-0.61487,-27.1809,95.4197
22.63,-0.65886,-27.1562,95.4125
22.64,-0.699932,-27.1323,95.4057
22.65,-0.737689,-27.1117,95.3994
22.66,-0.772789,-27.0921,95.3934
22.67,-0.805619,-27.0731,95.3878
22.68,-0.836007,-27.0562,95.3826
22.69,-0.864278,-27.0404,95.3777
22.7,-0.89062,-27.0253,95.3731
22.71,-0.915132,-27.0114,95.3689
22.72,-0.937678,-26.9984,95.3648
22.73,-0.958577,-26.9861,95.3609
22.74,-0.978088,-26.9748,95.3573
22.75,-0.996228,-26.9644,95.354
22.76,-1.01315,-26.9547,95.351
22.77,-1.02897,-26.9458,95.3482
22.78,-1.04361,-26.9374,95.3456
22.79,-1.05722,-26.9297,95.3431
22.8,-1.06995,-26.9224,95.3409
22.81,-1.08196,-26.9156,95.3389
22.82,-1.09311,-26.9092,95.3371
22.83,-1.10343,-26.9032,95.3356
22.84,-1.11306,-26.8976,95.3341
22.85,-1.12188,-26.8925,95.3328
22.86,-1.12989,-26.8878,95.3314
22.87,-1.13749,-26.8834,95.3301
22.88,-1.14464,-26.8792,95.3289
22.89,-1.15142,-26.8755,95.3278
22.9,-1.15768,-26.8721,95.3266
22.91,-1.16342,-26.8688,95.3255
22.92,-1.16872,-26.8659,95.3244
22.93,-1.1738,-26.8629,95.3235
22.94,-1.17869,-26.8602,95.3226
22.95,-1.18315,-26.8576,95.3219
22.96,-1.18717,-26.8551,95.3211
22.97,-1.19101,-26.8526,95.3203
22.98,-1.19459,-26.8504,95.3195
22.99,-1.19797,-26.8483,95.3186
23,-1.20119,-26.8464,95.318
23.01,-1.20419,-26.8448,95.3174
23.02,-1.20701,-26.8434,95.3169
23.03,-1.20952,-26.8418,95.3163
23.04,-1.21181,-26.8405,95.3157
23.05,-1.21388,-26.8392,95.3151
23.06,-1.21578,-26.8381,95.3145
23.07,-1.21754,-26.8372,95.3141
23.08,-1.21925,-26.8364,95.3138
23.09,-1.22082,-26.8357,95.3133
23.1,-1.22235,-26.8351,95.3129
23.11,-1.22389,-26.8348,95.3124
23.12,-1.22526,-26.8347,95.3119
23.13,-1.22653,-26.8347,95.3115
23.14,-1.22773,-26.8345,95.311
23.15,-1.22885,-26.8344,95.3107
23.16,-1.22976,-26.8345,95.3104
23.17,-1.23067,-26.8345,95.31
23.18,-1.23147,-26.8344,95.3097
23.19,-1.23199,-26.8343,95.3094
23.2,-1.23246,-26.8345,95.309
23.21,-1.23318,-26.8347,95.3087
23.22,-1.23385,-26.835,95.3084
23.23,-1.23461,-26.835,95.308
23.24,-1.2353,-26.835,95.3077
23.25,-1.2359,-26.8346,95.3071
23.26,-1.23657,-26.8341,95.3067
23.27,-1.23724,-26.8336,95.3064
23.28,-1.23796,-26.833,95.3061
23.29,-1.23849,-26.8324,95.3058
23.3,-1.23899,-26.8319,95.3054
23.31,-1.2396,-26.8313,95.3051
23.32,-1.24009,-26.8309,95.3049
23.33,-1.24051,-26.8305,95.3045
23.34,-1.24117,-26.83,95.3043
23.35,-1.24187,-26.8295,95.3041
23.36,-1.24231,-26.829,95.304
23.37,-1.24259,-26.8287,95.3038
23.38,-1.24282,-26.8284,95.3037
23.39,-1.24303,-26.8282,95.3037
23.4,-1.24328,-26.8279,95.3036
23.41,-1.24353,-26.8278,95.3034
23.42,-1.2438,-26.8275,95.3034
23.43,-1.2441,-26.8275,95.3033
23.44,-1.2444,-26.8273,95.3033
23.45,-1.24472,-26.827,95.3032
23.46,-1.24508,-26.8268,95.3032
23.47,-1.24543,-26.8264,95.3032
23.48,-1.24579,-26.8263,95.3033
23.49,-1.24621,-26.8262,95.3033
23.5,-1.24662,-26.8262,95.3035
23.51,-1.24703,-26.8263,95.3036
23.52,-1.24746,-26.8264,95.3037
23.53,-1.24787,-26.8262,95.304
23.54,-1.24827,-26.826,95.3043
23.55,-1.24856,-26.8258,95.3046
23.56,-1.24904,-26.8255,95.305
23.57,-1.24954,-26.8252,95.3054
23.58,-1.25012,-26.8249,95.3059
23.59,-1.25059,-26.8247,95.3062
23.6,-1.25107,-26.8246,95.3065
23.61,-1.25141,-26.8244,95.3066
23.62,-1.25167,-26.8242,95.3068
23.63,-1.25184,-26.824,95.3068
23.64,-1.25206,-26.8237,95.3068
23.65,-1.25228,-26.8234,95.3068
23.66,-1.25238,-26.8229,95.3069
23.67,-1.25253,-26.8226,95.307
23.68,-1.25258,-26.8223,95.307
23.69,-1.25277,-26.822,95.3071
23.7,-1.25315,-26.8217,95.3072
23.71,-1.25357,-26.8215,95.3073
23.72,-1.25405,-26.8214,95.3075
23.73,-1.25465,-26.8213,95.3078
23.74,-1.25531,-26.8211,95.3078
23.75,-1.25585,-26.821,95.3078
23.76,-1.25647,-26.8208,95.308
23.77,-1.25692,-26.8207,95.3081
23.78,-1.25741,-26.8205,95.308
23.79,-1.25796,-26.8203,95.308
23.8,-1.25833,-26.8201,95.308
23.81,-1.25857,-26.8201,95.308
23.82,-1.25883,-26.8202,95.308
23.83,-1.25917,-26.8204,95.3081
23.84,-1.25947,-26.8205,95.308
23.85,-1.25969,-26.8207,95.308
23.86,-1.25987,-26.8208,95.3079
23.87,-1.26011,-26.821,95.3079
23.88,-1.26025,-26.8211,95.3079
23.89,-1.26041,-26.8211,95.3078
23.9,-1.26056,-26.8211,95.3078
23.91,-1.26079,-26.8213,95.3077
23.92,-1.261,-26.8213,95.3077
23.93,-1.26109,-26.8217,95.3077
23.94,-1.26105,-26.8222,95.3078
23.95,-1.26101,-26.8226,95.3078
23.96,-1.26088,-26.823,95.3078
23.97,-1.26078,-26.8234,95.3077
23.98,-1.26076,-26.8236,95.3078
23.99,-1.26084,-26.8241,95.3078
24,-1.26089,-26.8247,95.3078
24.01,-1.26085,-26.8253,95.3077
24.02,-1.26073,-26.8259,95.3077
24.03,-1.26065,-26.8265,95.3077
24.04,-1.26069,-26.827,95.3077
24.05,-1.26077,-26.8275,95.3078
24.06,-1.26099,-26.8282,95.3079
24.07,-1.26128,-26.8287,95.3081
24.08,-1.26162,-26.8291,95.3082
24.09,-1.26201,-26.8296,95.3083
24.1,-1.26226,-26.83,95.3084
24.11,-1.26248,-26.8304,95.3086
24.12,-1.26279,-26.831,95.3089
24.13,-1.26304,-26.8316,95.309
24.14,-1.26321,-26.832,95.3091
24.15,-1.26334,-26.8325,95.3093
24.16,-1.26337,-26.8331,95.3093
24.17,-1.26344,-26.8337,95.3094
24.18,-1.26358,-26.8344,95.3095
24.19,-1.26388,-26.835,95.3096
24.2,-1.26412,-26.8353,95.3096
24.21,-1.26435,-26.8357,95.3097
24.22,-1.26469,-26.8361,95.3098
24.23,-1.26503,-26.8365,95.3098
24.24,-1.26527,-26.8369,95.3099
24.25,-1.26528,-26.8374,95.3097
24.26,-1.26531,-26.8379,95.3096
24.27,-1.26539,-26.8383,95.3096
24.28,-1.26536,-26.8387,95.3096
24.29,-1.2653,-26.8391,95.3095
24.3,-1.2654,-26.8393,95.3094
24.31,-1.26561,-26.8395,95.3094
24.32,-1.26582,-26.8396,95.3095
24.33,-1.26602,-26.8399,95.3097
24.34,-1.26625,-26.8402,95.3098
24.35,-1.26658,-26.8403,95.3099
24.36,-1.2669,-26.8404,95.31
24.37,-1.26726,-26.8405,95.3101
24.38,-1.26754,-26.8405,95.3101
24.39,-1.26793,-26.8404,95.3101
24.4,-1.26826,-26.8404,95.3101
24.41,-1.26856,-26.8406,95.3101
24.42,-1.26893,-26.8406,95.3102
24.43,-1.26939,-26.8406,95.3103
24.44,-1.26983,-26.8404,95.3103
24.45,-1.27023,-26.8402,95.3104
24.46,-1.2705,-26.84,95.3104
24.47,-1.27065,-26.8401,95.3104
24.48,-1.27084,-26.8403,95.3103
24.49,-1.27089,-26.8406,95.3101
24.5,-1.27112,-26.8408,95.3101
24.51,-1.2713,-26.841,95.3101
24.52,-1.27153,-26.8411,95.31
24.53,-1.27165,-26.8412,95.3099
24.54,-1.27194,-26.8414,95.3099
24.55,-1.27213,-26.8416,95.31
24.56,-1.27223,-26.8419,95.31
24.57,-1.27249,-26.8421,95.3101
24.58,-1.27274,-26.8423,95.3101
24.59,-1.27297,-26.8425,95.31
24.6,-1.27312,-26.8427,95.3098
24.61,-1.27313,-26.843,95.3095
24.62,-1.27317,-26.8431,95.3091
24.63,-1.27336,-26.8433,95.3088
24.64,-1.27364,-26.8434,95.3086
24.65,-1.27375,-26.8437,95.3084
24.66,-1.27399,-26.844,95.3082
24.67,-1.27421,-26.8444,95.308
24.68,-1.27431,-26.8447,95.3079
24.69,-1.27426,-26.8451,95.3077
24.7,-1.27416,-26.8452,95.3074
24.71,-1.27384,-26.8456,95.307
24.72,-1.27344,-26.8459,95.3067
24.73,-1.27304,-26.8462,95.3065
24.74,-1.27279,-26.8465,95.3062
24.75,-1.27259,-26.8466,95.3061
24.76,-1.27229,-26.8468,95.3058
24.77,-1.27201,-26.8468,95.3055
24.78,-1.27177,-26.8469,95.3053
24.79,-1.27149,-26.8469,95.3052
24.8,-1.27123,-26.847,95.3051
24.81,-1.27103,-26.8471,95.3052
24.82,-1.27089,-26.8471,95.3052
24.83,-1.2709,-26.8472,95.3054
24.84,-1.27092,-26.8473,95.3055
24.85,-1.27099,-26.8473,95.3055
24.86,-1.27106,-26.8473,95.3057
24.87,-1.27107,-26.8472,95.3059
24.88,-1.27118,-26.8472,95.3061
24.89,-1.27116,-26.8474,95.3063
24.9,-1.27115,-26.8475,95.3064
24.91,-1.27113,-26.8476,95.3064
24.92,-1.27102,-26.8476,95.3065
24.93,-1.27082,-26.8475,95.3066
24.94,-1.27071,-26.8473,95.3067
24.95,-1.2707,-26.8469,95.3068
24.96,-1.27067,-26.8466,95.3068
24.97,-1.27059,-26.8462,95.3069
24.98,-1.27057,-26.8458,95.307
24.99,-1.27047,-26.8455,95.3072
25,-1.27033,-26.8452,95.3075
25.01,-1.27019,-26.8449,95.3078
25.02,-1.27008,-26.8447,95.3079
25.03,-1.26989,-26.8445,95.308
25.04,-1.26983,-26.8445,95.3082
25.05,-1.26994,-26.8444,95.3085
25.06,-1.26992,-26.8443,95.3088
25.07,-1.26983,-26.8443,95.3092
25.08,-1.26971,-26.8442,95.3095
25.09,-1.26964,-26.8441,95.3097
25.1,-1.26944,-26.8439,95.3098
25.11,-1.26937,-26.8437,95.3099
25.12,-1.26938,-26.8434,95.31
25.13,-1.26939,-26.8431,95.3102
25.14,-1.26937,-26.8429,95.3104
25.15,-1.26931,-26.8427,95.3105
25.16,-1.26918,-26.8427,95.3106
25.17,-1.26902,-26.8427,95.3106
25.18,-1.26885,-26.8428,95.3105
25.19,-1.26866,-26.8427,95.3104
25.2,-1.26837,-26.8426,95.3102
25.21,-1.26786,-26.8424,95.3099
25.22,-1.26732,-26.8422,95.3097
25.23,-1.26679,-26.8421,95.3096
25.24,-1.26608,-26.8421,95.3094
25.25,-1.26532,-26.842,95.3092
25.26,-1.26478,-26.8419,95.309
25.27,-1.26433,-26.8419,95.3088
25.28,-1.26394,-26.8417,95.3086
25.29,-1.26349,-26.8415,95.3085
25.3,-1.263,-26.8415,95.3084
25.31,-1.26247,-26.8414,95.3084
25.32,-1.26217,-26.8413,95.3085
25.33,-1.26193,-26.8412,95.3086
25.34,-1.26172,-26.8412,95.3087
25.35,-1.26166,-26.8412,95.3087
25.36,-1.26158,-26.8411,95.3087
25.37,-1.2616,-26.8411,95.3087
25.38,-1.26163,-26.841,95.3085
25.39,-1.26149,-26.841,95.3083
25.4,-1.2613,-26.8411,95.3081
25.41,-1.26118,-26.8412,95.3081
25.42,-1.26102,-26.8413,95.3079
25.43,-1.26092,-26.8413,95.3077
25.44,-1.26055,-26.8414,95.3075
25.45,-1.26017,-26.8415,95.3073
25.46,-1.25988,-26.8417,95.3072
25.47,-1.25969,-26.842,95.3072
25.48,-1.25952,-26.8421,95.3071
25.49,-1.25948,-26.8423,95.3071
25.5,-1.2596,-26.8423,95.3071
25.51,-1.25968,-26.8422,95.3069
25.52,-1.25979,-26.8422,95.3069
25.53,-1.25972,-26.8422,95.3067
25.54,-1.25964,-26.8423,95.3066
25.55,-1.25954,-26.8424,95.3065
25.56,-1.25938,-26.8425,95.3063
25.57,-1.2594,-26.8425,95.3063
25.58,-1.25952,-26.8424,95.3063
25.59,-1.25972,-26.8425,95.3062
25.6,-1.26001,-26.8425,95.3062
25.61,-1.26031,-26.8426,95.3062
25.62,-1.2605,-26.8427,95.3063
25.63,-1.26066,-26.8427,95.3064
25.64,-1.26071,-26.8427,95.3065
25.65,-1.26084,-26.8426,95.3066
25.66,-1.26091,-26.8425,95.3067
25.67,-1.26088,-26.8425,95.3066
25.68,-1.26098,-26.8425,95.3066
25.69,-1.26106,-26.8425,95.3066
25.7,-1.2611,-26.8426,95.3065
25.71,-1.26119,-26.8427,95.3067
25.72,-1.26113,-26.8426,95.3068
25.73,-1.26112,-26.8427,95.307
25.74,-1.26095,-26.8427,95.307
25.75,-1.26075,-26.8426,95.307
25.76,-1.26059,-26.8425,95.307
25.77,-1.2605,-26.8423,95.307
25.78,-1.26041,-26.8423,95.307
25.79,-1.26032,-26.8423,95.3069
25.8,-1.26014,-26.8423,95.307
25.81,-1.25988,-26.8422,95.307
25.82,-1.25961,-26.8423,95.3071
25.83,-1.25932,-26.8423,95.307
25.84,-1.25898,-26.8422,95.3069
25.85,-1.25839,-26.8421,95.3068
25.86,-1.25798,-26.8418,95.3068
25.87,-1.25754,-26.8415,95.3069
25.88,-1.25708,-26.841,95.3071
25.89,-1.25664,-26.8406,95.3072
25.9,-1.25627,-26.8402,95.3074
25.91,-1.25572,-26.8397,95.3075
25.92,-1.25524,-26.8392,95.3077
25.93,-1.25481,-26.8388,95.3079
25.94,-1.25443,-26.8386,95.308
25.95,-1.25401,-26.8383,95.3082
25.96,-1.25371,-26.8382,95.3082
25.97,-1.25337,-26.8381,95.3084
25.98,-1.25313,-26.8382,95.3085
25.99,-1.253,-26.8381,95.3086
26,-1.25295,-26.838,95.3087
26.01,-1.25272,-26.838,95.3086
26.02,-1.25238,-26.838,95.3084
26.03,-1.25212,-26.838,95.3082
26.04,-1.25185,-26.838,95.3082
26.05,-1.25157,-26.8379,95.308
26.06,-1.25129,-26.8377,95.3079
26.07,-1.25102,-26.8376,95.3078
26.08,-1.25067,-26.8376,95.3077
26.09,-1.25037,-26.8375,95.3076
26.1,-1.25007,-26.8375,95.3076
26.11,-1.24983,-26.8376,95.3077
26.12,-1.2495,-26.8377,95.3079
26.13,-1.24914,-26.8376,95.3081
26.14,-1.24873,-26.8374,95.3083
26.15,-1.24832,-26.8374,95.3084
26.16,-1.24789,-26.8373,95.3085
26.17,-1.24738,-26.8372,95.3085
26.18,-1.24668,-26.837,95.3085
26.19,-1.24605,-26.8369,95.3085
26.2,-1.24524,-26.8368,95.3083
26.21,-1.24443,-26.8365,95.3082
26.22,-1.24359,-26.8363,95.3079
26.23,-1.24283,-26.8363,95.3076
26.24,-1.24204,-26.8361,95.3073
26.25,-1.24127,-26.836,95.307
26.26,-1.24036,-26.836,95.3066
26.27,-1.23934,-26.836,95.3062
26.28,-1.23855,-26.8361,95.3057
26.29,-1.23791,-26.8361,95.3054
26.3,-1.23736,-26.8361,95.3051
26.31,-1.23691,-26.8361,95.3048
26.32,-1.23655,-26.8361,95.3045
26.33,-1.23629,-26.8361,95.304
26.34,-1.23606,-26.8362,95.3037
26.35,-1.23584,-26.8363,95.3034
26.36,-1.23559,-26.8363,95.303
26.37,-1.23537,-26.8362,95.3026
26.38,-1.23494,-26.8361,95.3022
26.39,-1.23447,-26.8361,95.3019
26.4,-1.2341,-26.8362,95.3017
26.41,-1.23374,-26.8363,95.3016
26.42,-1.23339,-26.8365,95.3016
26.43,-1.23309,-26.8366,95.3017
26.44,-1.23292,-26.8368,95.3018
26.45,-1.23294,-26.8368,95.3019
26.46,-1.23286,-26.837,95.3019
26.47,-1.23285,-26.8371,95.3019
26.48,-1.2328,-26.8373,95.3018
26.49,-1.23266,-26.8374,95.3017
26.5,-1.23269,-26.8374,95.3017
26.51,-1.23269,-26.8375,95.3017
26.52,-1.23271,-26.8376,95.3018
26.53,-1.23281,-26.8378,95.3018
26.54,-1.23276,-26.8382,95.3017
26.55,-1.23269,-26.8385,95.3017
26.56,-1.23264,-26.8388,95.3018
26.57,-1.23265,-26.8394,95.302
26.58,-1.23279,-26.8402,95.3021
26.59,-1.23299,-26.841,95.3023
26.6,-1.2331,-26.8418,95.3024
26.61,-1.2332,-26.8428,95.3025
26.62,-1.23327,-26.8437,95.3026
26.63,-1.23345,-26.8448,95.3027
26.64,-1.2336,-26.8461,95.3027
26.65,-1.23372,-26.8476,95.3029
26.66,-1.23398,-26.8493,95.303
26.67,-1.23438,-26.851,95.3031
26.68,-1.23497,-26.8527,95.3031
26.69,-1.2356,-26.8545,95.3032
26.7,-1.2364,-26.8561,95.3033
26.71,-1.23721,-26.8577,95.3033
26.72,-1.23819,-26.8592,95.3032
26.73,-1.23903,-26.8607,95.3034
26.74,-1.23985,-26.8622,95.3034
26.75,-1.24069,-26.8638,95.3035
26.76,-1.24157,-26.8652,95.3037
26.77,-1.24232,-26.8667,95.3038
26.78,-1.24317,-26.868,95.3037
26.79,-1.24389,-26.8694,95.3037
26.8,-1.24459,-26.871,95.3037
26.81,-1.24523,-26.8725,95.3036
26.82,-1.24576,-26.8739,95.3036
26.83,-1.24633,-26.8755,95.3036
26.84,-1.2468,-26.8771,95.3035
26.85,-1.24734,-26.8786,95.3035
26.86,-1.24795,-26.88,95.3032
26.87,-1.24847,-26.8813,95.303
26.88,-1.24884,-26.8824,95.3026
26.89,-1.24908,-26.8834,95.3021
26.9,-1.24933,-26.8843,95.3017
26.91,-1.24959,-26.8851,95.3015
26.92,-1.24988,-26.886,95.3012
26.93,-1.25017,-26.8868,95.301
26.94,-1.25041,-26.8877,95.3008
26.95,-1.25071,-26.8888,95.3006
26.96,-1.25105,-26.8898,95.3004
26.97,-1.25134,-26.8908,95.3003
26.98,-1.25168,-26.8917,95.3003
26.99,-1.25199,-26.8924,95.3002
27,-1.25222,-26.8932,95.3002
27.01,-1.25254,-26.8939,95.3002
27.02,-1.2528,-26.8946,95.3002
27.03,-1.25313,-26.8952,95.3002
27.04,-1.25356,-26.8957,95.3003
27.05,-1.25403,-26.8962,95.3004
27.06,-1.25456,-26.8967,95.3004
27.07,-1.25497,-26.8972,95.3005
27.08,-1.25539,-26.8978,95.3005
27.09,-1.25569,-26.8982,95.3006
27.1,-1.25587,-26.8986,95.3008
27.11,-1.25606,-26.899,95.3009
27.12,-1.25628,-26.8992,95.301
27.13,-1.25646,-26.8994,95.3011
27.14,-1.25651,-26.8995,95.3011
27.15,-1.2567,-26.8995,95.3012
27.16,-1.25689,-26.8996,95.3014
27.17,-1.257,-26.8998,95.3015
27.18,-1.2572,-26.8999,95.3015
27.19,-1.25736,-26.9002,95.3015
27.2,-1.25756,-26.9004,95.3016
27.21,-1.25769,-26.9007,95.3017
27.22,-1.2578,-26.901,95.3016
27.23,-1.258,-26.9014,95.3016
27.24,-1.25816,-26.9018,95.3016
27.25,-1.2582,-26.9022,95.3016
27.26,-1.25826,-26.9027,95.3016
27.27,-1.25838,-26.9031,95.3016
27.28,-1.25847,-26.9034,95.3016
27.29,-1.25853,-26.9038,95.3015
27.3,-1.25873,-26.9042,95.3016
27.31,-1.25896,-26.9047,95.3015
27.32,-1.25915,-26.9052,95.3016
27.33,-1.25927,-26.9057,95.3017
27.34,-1.25935,-26.9063,95.3018
27.35,-1.25942,-26.907,95.302
27.36,-1.25957,-26.9077,95.3021
27.37,-1.2597,-26.9086,95.3023
27.38,-1.25973,-26.9091,95.3025
27.39,-1.25996,-26.9096,95.3027
27.4,-1.26018,-26.91,95.303
27.41,-1.26045,-26.9103,95.3033
27.42,-1.26062,-26.9106,95.3036
27.43,-1.26073,-26.9109,95.3039
27.44,-1.2607,-26.9112,95.3042
27.45,-1.2607,-26.9114,95.3044
27.46,-1.2607,-26.9116,95.3047
27.47,-1.26072,-26.9119,95.3049
27.48,-1.26075,-26.9123,95.3052
27.49,-1.26085,-26.9126,95.3055
27.5,-1.26086,-26.913,95.3058
27.51,-1.26102,-26.9133,95.3059
27.52,-1.26121,-26.9137,95.3061
27.53,-1.2614,-26.9141,95.3063
27.54,-1.26154,-26.9147,95.3064
27.55,-1.26145,-26.9153,95.3064
27.56,-1.26137,-26.9159,95.3064
27.57,-1.26119,-26.9166,95.3063
27.58,-1.26104,-26.9172,95.3062
27.59,-1.26089,-26.9177,95.3063
27.6,-1.26087,-26.918,95.3062
27.61,-1.26084,-26.9183,95.3062
27.62,-1.26074,-26.9185,95.306
27.63,-1.26063,-26.9187,95.3059
27.64,-1.2605,-26.9187,95.3059
27.65,-1.26041,-26.9187,95.3059
27.66,-1.26038,-26.9187,95.3059
27.67,-1.2605,-26.9188,95.306
27.68,-1.2606,-26.9191,95.306
27.69,-1.2605,-26.9194,95.3061
27.7,-1.26029,-26.9195,95.3061
27.71,-1.26013,-26.9196,95.3061
27.72,-1.25999,-26.9198,95.3062
27.73,-1.25964,-26.92,95.3062
27.74,-1.25928,-26.9202,95.3063
27.75,-1.25905,-26.9204,95.3064
27.76,-1.25873,-26.9205,95.3064
27.77,-1.25832,-26.9207,95.3064
27.78,-1.25782,-26.9208,95.3065
27.79,-1.2572,-26.9209,95.3065
27.8,-1.2567,-26.921,95.3065
27.81,-1.25617,-26.9209,95.3065
27.82,-1.25569,-26.9207,95.3064
27.83,-1.25526,-26.9204,95.3065
27.84,-1.25485,-26.9201,95.3066
27.85,-1.25441,-26.9198,95.3069
27.86,-1.25385,-26.9196,95.3071
27.87,-1.25343,-26.9194,95.3074
27.88,-1.25299,-26.9193,95.3077
27.89,-1.25268,-26.9191,95.3081
27.9,-1.25238,-26.9188,95.3085
27.91,-1.25212,-26.9184,95.3086
27.92,-1.25185,-26.9181,95.3086
27.93,-1.25161,-26.9179,95.3088
27.94,-1.25138,-26.9178,95.3089
27.95,-1.25123,-26.9177,95.3089
27.96,-1.25122,-26.9176,95.3088
27.97,-1.25132,-26.9174,95.3086
27.98,-1.25149,-26.9172,95.3086
27.99,-1.25155,-26.9168,95.3086
28,-1.25165,-26.9165,95.3086
28.01,-1.2518,-26.9164,95.3085
28.02,-1.25196,-26.9162,95.3085
28.03,-1.25202,-26.9159,95.3086
28.04,-1.25209,-26.9157,95.3087
28.05,-1.25217,-26.9154,95.3089
28.06,-1.25224,-26.9151,95.3089
28.07,-1.25234,-26.9151,95.3092
28.08,-1.25233,-26.9152,95.3093
28.09,-1.25223,-26.9153,95.3095
28.1,-1.25202,-26.9152,95.3096
28.11,-1.25173,-26.9153,95.3096
28.12,-1.2514,-26.9153,95.3095
28.13,-1.25122,-26.9154,95.3094
28.14,-1.25109,-26.9154,95.3093
28.15,-1.25087,-26.9154,95.3092
28.16,-1.25088,-26.9156,95.3092
28.17,-1.25088,-26.9158,95.3091
28.18,-1.251,-26.9161,95.3091
28.19,-1.2511,-26.9164,95.309
28.2,-1.25117,-26.9167,95.3088
28.21,-1.25117,-26.9169,95.3087
28.22,-1.25125,-26.917,95.3086
28.23,-1.25123,-26.9173,95.3086
28.24,-1.25102,-26.9177,95.3085
28.25,-1.25087,-26.9181,95.3084
28.26,-1.25057,-26.9187,95.3083
28.27,-1.2504,-26.9193,95.3082
28.28,-1.2502,-26.9199,95.3082
28.29,-1.24999,-26.9204,95.3081
28.3,-1.24991,-26.9209,95.3081
28.31,-1.24983,-26.9214,95.3081
28.32,-1.24965,-26.9218,95.3081
28.33,-1.2495,-26.9223,95.3082
28.34,-1.24944,-26.9229,95.3083
28.35,-1.24937,-26.9233,95.3084
28.36,-1.2492,-26.9237,95.3084
28.37,-1.24892,-26.9241,95.3083
28.38,-1.24851,-26.9244,95.308
28.39,-1.2481,-26.9248,95.3077
28.4,-1.24766,-26.9251,95.3073
28.41,-1.24724,-26.9255,95.3069
28.42,-1.24693,-26.926,95.3065
28.43,-1.24669,-26.9264,95.3061
28.44,-1.2464,-26.9268,95.3059
28.45,-1.24609,-26.9271,95.3055
28.46,-1.24567,-26.9273,95.3051
28.47,-1.24516,-26.9274,95.3047
28.48,-1.24457,-26.9276,95.3042
28.49,-1.24398,-26.9277,95.3037
28.5,-1.24347,-26.9277,95.3032
28.51,-1.24306,-26.9277,95.3028
28.52,-1.24276,-26.9276,95.3026
28.53,-1.24254,-26.9279,95.3024
28.54,-1.24231,-26.9282,95.3023
28.55,-1.24213,-26.9284,95.3022
28.56,-1.24192,-26.9288,95.302
28.57,-1.24185,-26.9292,95.3019
28.58,-1.24187,-26.9297,95.3018
28.59,-1.24187,-26.9301,95.3019
28.6,-1.24189,-26.9305,95.302
28.61,-1.24192,-26.931,95.3021
28.62,-1.24191,-26.9314,95.302
28.63,-1.24188,-26.9317,95.3019
28.64,-1.24178,-26.9319,95.3018
28.65,-1.24163,-26.9322,95.3018
28.66,-1.24146,-26.9325,95.3018
28.67,-1.24133,-26.9326,95.3019
28.68,-1.24111,-26.9326,95.3019
28.69,-1.241,-26.9326,95.3018
28.7,-1.24099,-26.9326,95.3018
28.71,-1.24092,-26.9326,95.3016
28.72,-1.2409,-26.9327,95.3014
28.73,-1.241,-26.9328,95.3013
28.74,-1.24105,-26.933,95.3011
28.75,-1.24097,-26.9332,95.3008
28.76,-1.24097,-26.9334,95.3006
28.77,-1.24113,-26.9335,95.3004
28.78,-1.24127,-26.9335,95.3003
28.79,-1.24141,-26.9335,95.3
28.8,-1.24172,-26.9335,95.2999
28.81,-1.24198,-26.9336,95.2999
28.82,-1.2422,-26.9338,95.2999
28.83,-1.24236,-26.9341,95.3001
28.84,-1.24251,-26.9343,95.3001
28.85,-1.24267,-26.9344,95.3003
28.86,-1.24282,-26.9344,95.3004
28.87,-1.24273,-26.9345,95.3004
28.88,-1.24279,-26.9346,95.3006
28.89,-1.24273,-26.9345,95.3007
28.9,-1.24276,-26.9344,95.3009
28.91,-1.24287,-26.9344,95.3011
28.92,-1.24299,-26.9342,95.3012
28.93,-1.24304,-26.934,95.3013
28.94,-1.24304,-26.9338,95.3015
28.95,-1.24309,-26.9335,95.3016
28.96,-1.24311,-26.9333,95.3018
28.97,-1.24311,-26.9331,95.3019
28.98,-1.2431,-26.9329,95.3019
28.99,-1.24317,-26.9329,95.302
29,-1.24328,-26.9329,95.302
29.01,-1.24335,-26.9329,95.3019
29.02,-1.24354,-26.9329,95.3017
29.03,-1.24369,-26.933,95.3015
29.04,-1.24371,-26.9331,95.3012
29.05,-1.24374,-26.9333,95.301
29.06,-1.24391,-26.9334,95.3009
29.07,-1.24393,-26.9335,95.3007
29.08,-1.24387,-26.9335,95.3005
29.09,-1.24383,-26.9335,95.3003
29.1,-1.24388,-26.9335,95.3
29.11,-1.24403,-26.9336,95.2997
29.12,-1.24398,-26.9337,95.2993
29.13,-1.24396,-26.9337,95.299
29.14,-1.24405,-26.9337,95.2988
29.15,-1.2443,-26.9336,95.2986
29.16,-1.24473,-26.9336,95.2983
29.17,-1.24522,-26.9336,95.2981
29.18,-1.24579,-26.9334,95.2979
29.19,-1.24642,-26.9332,95.2977
29.2,-1.24702,-26.933,95.2976
29.21,-1.24755,-26.933,95.2975
29.22,-1.2481,-26.9329,95.2974
29.23,-1.24858,-26.9327,95.2973
29.24,-1.24905,-26.9324,95.2973
29.25,-1.24941,-26.9322,95.2973
29.26,-1.24983,-26.9318,95.2972
29.27,-1.2502,-26.9315,95.2971
29.28,-1.25067,-26.9311,95.297
29.29,-1.25094,-26.9306,95.2968
29.3,-1.25118,-26.9303,95.2966
29.31,-1.2516,-26.9298,95.2965
29.32,-1.25192,-26.9295,95.2963
29.33,-1.25224,-26.9291,95.2961
29.34,-1.25275,-26.9286,95.2959
29.35,-1.25335,-26.9281,95.2957
29.36,-1.25385,-26.9277,95.2954
29.37,-1.25423,-26.9274,95.295
29.38,-1.25452,-26.9272,95.2948
29.39,-1.25474,-26.9271,95.2946
29.4,-1.2549,-26.9269,95.2944
29.41,-1.25504,-26.9267,95.2942
29.42,-1.25539,-26.9264,95.2942
29.43,-1.25579,-26.9262,95.2941
29.44,-1.25611,-26.9259,95.294
29.45,-1.25631,-26.9257,95.2939
29.46,-1.25667,-26.9256,95.294
29.47,-1.25702,-26.9255,95.2941
29.48,-1.25732,-26.9255,95.2942
29.49,-1.25764,-26.9256,95.2943
29.5,-1.25808,-26.9256,95.2945
29.51,-1.25842,-26.9256,95.2947
29.52,-1.25892,-26.9258,95.2951
29.53,-1.25931,-26.926,95.2954
29.54,-1.25972,-26.9261,95.2957
29.55,-1.26002,-26.9262,95.2959
29.56,-1.26043,-26.9261,95.2962
29.57,-1.2607,-26.9261,95.2963
29.58,-1.26097,-26.926,95.2964
29.59,-1.26122,-26.9259,95.2966
29.6,-1.2613,-26.9258,95.2967
29.61,-1.26143,-26.9256,95.2969
29.62,-1.26157,-26.9254,95.297
29.63,-1.26171,-26.9253,95.2972
29.64,-1.26183,-26.925,95.2973
29.65,-1.26194,-26.9246,95.2975
29.66,-1.26194,-26.9243,95.2976
29.67,-1.26185,-26.9239,95.2977
29.68,-1.2619,-26.9236,95.2978
29.69,-1.26194,-26.9233,95.2979
29.7,-1.26205,-26.9228,95.298
29.71,-1.26203,-26.9223,95.2978
29.72,-1.26204,-26.9219,95.2976
29.73,-1.2619,-26.9215,95.2973
29.74,-1.26195,-26.921,95.2971
29.75,-1.26199,-26.9206,95.2969
29.76,-1.26208,-26.9202,95.2967
29.77,-1.26223,-26.92,95.2966
29.78,-1.26249,-26.9196,95.2964
29.79,-1.26269,-26.9192,95.2963
29.8,-1.26292,-26.9191,95.2962
29.81,-1.263,-26.9189,95.2962
29.82,-1.26321,-26.9188,95.2963
29.83,-1.26332,-26.9189,95.2962
29.84,-1.26338,-26.9189,95.2961
29.85,-1.26345,-26.9191,95.296
29.86,-1.2636,-26.9194,95.2959
29.87,-1.26366,-26.9196,95.2959
29.88,-1.26366,-26.9198,95.296
29.89,-1.26371,-26.92,95.2961
29.9,-1.26374,-26.9203,95.2962
29.91,-1.26365,-26.9205,95.2963
29.92,-1.26339,-26.9205,95.2964
29.93,-1.26313,-26.9205,95.2964
29.94,-1.26287,-26.9204,95.2964
29.95,-1.26254,-26.9204,95.2966
29.96,-1.26217,-26.9204,95.2967
29.97,-1.26208,-26.9205,95.2969
29.98,-1.26196,-26.9205,95.297
29.99,-1.26185,-26.9203,95.2971
30,-1.26162,-26.9202,95.297
