0.01,-0.00348778,0.119526,0
0.02,0.0537383,0.0321811,0
0.03,0.0936262,0.0634649,0
0.04,0.0052518,0.085695,0
0.05,-0.00345465,0.0799415,0
0.06,0.0184903,0.0487302,0
0.07,0.0443315,0.0263986,0
0.08,0.0284195,0.0320182,0
0.09,0.0322703,0.0320756,0
0.1,0.0694062,0.0820357,0
0.11,0.0460162,0.1077,0
0.12,0.00350096,0.0958369,0
0.13,-0.00666776,0.0985572,0
0.14,0.00904569,0.0451949,0
0.15,-0.000899095,0.0648033,0
0.16,0.0363102,0.0674611,0
0.17,0.0433423,0.0588327,0
0.18,0.0472612,0.0159509,0
0.19,0.0244838,-0.00326526,0
0.2,0.00644217,0.0080088,0
0.21,0.000849174,0.0102002,0
0.22,0.000467229,0.0244698,0
0.23,0.00516003,0.0155771,0
0.24,0.00689915,0.0338426,0
0.25,-0.0193571,0.010307,0
0.26,-0.0204558,0.0261028,0
0.27,-0.034759,0.0247091,0
0.28,-0.0275527,0.0342819,0
0.29,-0.0186542,0.0276217,0
0.3,-0.0372787,0.0150982,0
0.31,-0.0127051,0.0233081,0
0.32,-0.0183368,0.0090693,0
0.33,0.000344797,0.0239165,0
0.34,-0.0146882,-0.0160718,0
0.35,0.0012492,-0.0101639,0
0.36,0.0030948,-0.00870441,0
0.37,-0.0223804,0.00271903,0
0.38,-0.0209784,-0.00945041,0
0.39,-0.0322767,-0.0310858,0
0.4,-0.0154393,-0.0181563,0
0.41,-0.0167162,-0.00409536,0
0.42,-0.0281833,-0.00741348,0
0.43,-0.0118413,-0.0288506,0
0.44,-0.00697764,-0.0201295,0
0.45,-0.0105495,-0.0485983,0
0.46,-0.0240273,-0.0444167,0
0.47,-0.0428414,-0.0388559,0
0.48,-0.0400022,-0.0455167,0
0.49,-0.0411648,-0.0297969,0
0.5,-0.0363469,-0.031191,0
0.51,-0.0277138,-0.0203417,0
0.52,-0.0196997,-0.00232267,0
0.53,-0.0223015,0.0101977,0
0.54,-0.00468607,0.0101221,0
0.55,-0.00459843,0.0137911,0
0.56,-0.0182339,0.017192,0
0.57,-0.0292317,0.0203586,0
0.58,0.00453136,0.0353101,0
0.59,0.015984,0.0372044,0
0.6,0.012526,0.0509246,0
0.61,0.0155388,0.0537976,0
0.62,0.0282491,0.034507,0
0.63,0.0301274,0.0405519,0
0.64,0.0297838,0.0184987,0
0.65,0.0253757,0.00794713,0
0.66,0.0353034,0.00597394,0
0.67,0.0268022,0.0375022,0
0.68,0.0324818,0.04702,0
0.69,0.0299439,0.0422892,0
0.7,0.0218481,0.0457443,0
0.71,0.0377445,0.0468612,0
0.72,0.0488356,0.0577915,0
0.73,0.0669344,0.038332,0
0.74,0.0718385,0.0457264,0
0.75,0.0686249,0.0411173,0
0.76,0.0537104,0.0207996,0
0.77,0.0476432,0.0117657,0
0.78,0.0481706,-0.0101913,0
0.79,0.0465875,-0.00718982,0
0.8,0.0590339,-0.0240896,0
0.81,0.0447743,-0.0237952,0
0.82,0.015979,-0.027639,0
0.83,0.0224093,0.00404305,0
0.84,0.0168933,-0.00748616,0
0.85,0.0273521,-0.0104212,0
0.86,0.0411474,-0.00331155,0
0.87,0.0302207,-0.000801264,0
0.88,0.0123023,-0.0140178,0
0.89,0.0091446,-0.0185247,0
0.9,0.0103002,-0.0247594,0
0.91,0.0134217,0.0262594,0
0.92,0.0163279,0.0463258,0
0.93,0.0267998,0.0531313,0
0.94,0.0226391,0.0557886,0
0.95,0.0306142,0.0406463,0
0.96,0.0359968,0.040078,0
0.97,0.033244,0.0493785,0
0.98,0.0327171,0.0641505,0
0.99,0.0223983,0.0324673,0
1,0.0107781,0.0267579,0
1.01,0.0159124,0.0157052,0
1.02,0.0284635,0.0152471,0
1.03,0.0127279,0.00663814,0
1.04,-0.0019085,0.00844604,0
1.05,-0.00979561,0.0101346,0
1.06,0.0201042,0.000244102,0
1.07,0.0458533,-0.0171324,0
1.08,0.0387209,-0.011614,0
1.09,0.0398682,0.0229819,0
1.1,0.0409093,0.0236407,0
1.11,0.0222569,0.0402179,0
1.12,0.0364333,0.0261954,0
1.13,0.0512383,0.0168128,0
1.14,0.0592808,0.000310214,0
1.15,0.0548998,-0.00316672,0
1.16,0.0430074,-0.0301344,0
1.17,0.022149,-0.0392479,0
1.18,0.00685051,-0.0358669,0
1.19,0.0138977,-0.0347539,0
1.2,0.0204467,-0.0476237,0
1.21,-0.0106746,-0.0497634,0
1.22,-0.0334901,-0.0243923,0
1.23,-0.0334287,-0.0204054,0
1.24,-0.0587309,-0.00279969,0
1.25,-0.0507897,-0.0158722,0
1.26,-0.0454243,0.00142018,0
1.27,-0.018776,-0.00785633,0
1.28,-0.0275181,-0.0164806,0
1.29,-0.0336055,-0.00119341,0
1.3,-0.0392745,-0.0086509,0
1.31,-0.03473,0.000364228,0
1.32,-0.0206846,-0.0129309,0
1.33,-0.00761444,-0.0211924,0
1.34,-0.00937612,-0.0288985,0
1.35,-0.0126465,0.00280711,0
1.36,-0.00423475,-0.00288639,0
1.37,-9.30579e-05,-0.0118643,0
1.38,0.0172551,0.0480951,0
1.39,0.0198935,0.0159206,0
1.4,0.0145634,0.0056241,0
1.41,0.0112573,-0.0178411,0
1.42,0.000412473,-0.0355723,0
1.43,-0.0096728,-0.0189562,0
1.44,-0.0149619,-0.0190318,0
1.45,-0.0162017,-0.00929418,0
1.46,-0.0251232,-0.0063709,0
1.47,-0.0334165,-0.00160791,0
1.48,-0.0546179,0.00282122,0
1.49,-0.0448925,0.0187852,0
1.5,-0.0027761,0.0315931,0
1.51,-0.0105904,0.0202151,0
1.52,-0.00396482,0.0271984,0
1.53,-0.00189043,0.0238995,0
1.54,0.0237569,0.0048839,0
1.55,0.0238864,-0.0128076,0
1.56,0.0338189,-0.0210803,0
1.57,0.0332429,-0.0189622,0
1.58,0.0188241,-0.0251748,0
1.59,0.0389289,-0.00928723,0
1.6,0.0379941,-0.0198489,0
1.61,0.0232539,-0.0198789,0
1.62,0.0176966,0.00546271,0
1.63,0.0456618,0.00735593,0
1.64,0.0499918,0.0168867,0
1.65,0.0442029,0.0220698,0
1.66,0.0195918,0.00521191,0
1.67,0.00243677,-0.0141467,0
1.68,-0.00779927,-0.0166142,0
1.69,-0.0111879,-0.00908838,0
1.7,-0.0143321,0.00774395,0
1.71,-0.0115269,0.00784067,0
1.72,-0.0166918,0.0058832,0
1.73,-0.0178237,0.033544,0
1.74,-0.0168145,0.0121785,0
1.75,0.00990491,0.0177056,0
1.76,0.0151093,0.00113581,0
1.77,0.00602317,-0.00239846,0
1.78,0.0213131,0.00618468,0
1.79,0.0195813,0.0239942,0
1.8,0.0437616,0.0147702,0
1.81,0.0445216,0.00618396,0
1.82,0.0256119,0.00639056,0
1.83,0.0157913,-0.00528205,0
1.84,0.0263059,-0.0124556,0
1.85,0.0107251,-0.0228196,0
1.86,0.0175087,-0.0169028,0
1.87,0.0180779,-0.0269422,0
1.88,0.0165716,-0.0150093,0
1.89,0.00943679,0.00223604,0
1.9,-0.0148037,-0.0210239,0
1.91,-0.0295511,-0.0131741,0
1.92,-0.0314088,-0.00383956,0
1.93,-0.0216805,0.0105673,0
1.94,-0.0105929,0.012105,0
1.95,-0.0158186,0.0212985,0
1.96,-0.00718641,0.0556193,0
1.97,-0.0146956,0.06012,0
1.98,-0.027408,0.0602364,0
1.99,-0.0195862,0.0386368,0
2,-0.0417957,0.0460177,0
2.01,-0.0370769,0.0352608,0
2.02,-0.0306366,0.035069,0
2.03,-0.0246553,0.0467718,0
2.04,-0.02523,0.0322789,0
2.05,-0.0314869,0.0421204,0
2.06,-0.0217531,0.0181161,0
2.07,-0.0241506,0.0174798,0
2.08,-0.0304726,0.0185269,0
2.09,-0.026539,0.0235971,0
2.1,-0.0286069,0.061449,0
2.11,-0.0325672,0.0418177,0
2.12,-0.0501497,0.0313403,0
2.13,-0.0391229,0.025701,0
2.14,-0.0247574,0.0339287,0
2.15,-0.0367399,0.0240059,0
2.16,-0.0519904,0.0111184,0
2.17,-0.0641047,-0.00291359,0
2.18,-0.0618713,0.0154852,0
2.19,-0.0516472,-0.00292417,0
2.2,-0.0364422,-0.000449318,0
2.21,-0.0202646,0.00389464,0
2.22,-0.0289024,-0.00390812,0
2.23,-0.00955632,0.00476304,0
2.24,-0.0209907,0.00874937,0
2.25,-0.0254958,-0.00512085,0
2.26,-0.000246708,-0.0258051,0
2.27,-0.0180598,-4.49164e-05,0
2.28,-0.00927076,-0.0251668,0
2.29,-0.00477927,-0.0424101,0
2.3,-0.0202244,-0.0175204,0
2.31,-0.028855,-0.0156489,0
2.32,-0.00337664,0.0016157,0
2.33,-0.00706592,-0.013804,0
2.34,-0.024416,-0.02612,0
2.35,-0.0229458,-0.0121923,0
2.36,-0.0154477,-0.0225601,0
2.37,-0.0301463,-0.0109319,0
2.38,-0.033992,0.0019205,0
2.39,-0.0257203,-0.00370557,0
2.4,-0.00823105,-0.010984,0
2.41,-0.00381403,-0.00958043,0
2.42,0.00397657,-0.00663445,0
2.43,0.00958593,0.000192731,0
2.44,0.0246071,0.018393,0
2.45,0.0246846,0.031234,0
2.46,0.0304868,0.0256061,0
2.47,0.0358872,0.0457282,0
2.48,0.0233244,0.04114,0
2.49,0.037422,0.0307297,0
2.5,0.0423213,0.0271624,0
2.51,0.0313635,0.0119957,0
2.52,0.0330107,0.017526,0
2.53,0.0562371,-0.0125414,0
2.54,0.0499745,-0.0171533,0
2.55,0.0343995,-0.0390793,0
2.56,0.0317492,-0.0418509,0
2.57,0.0468926,-0.044426,0
2.58,0.0671614,-0.037014,0
2.59,0.0601763,-0.0301002,0
2.6,0.0733084,-0.0470053,0
2.61,0.0679144,-0.0512564,0
2.62,0.0805229,-0.0433399,0
2.63,0.0570182,-0.033926,0
2.64,0.0450145,-0.0329691,0
2.65,0.0297218,-0.0124006,0
2.66,0.0646267,-0.00311357,0
2.67,0.0618976,-0.0104402,0
2.68,0.0552684,0.0162989,0
2.69,0.0335469,0.015791,0
2.7,0.0272864,0.0386582,0
2.71,0.0447525,0.0500721,0
2.72,0.0315635,0.0410781,0
2.73,0.0508014,0.0580813,0
2.74,0.0351256,0.0485062,0
2.75,0.0365035,0.0297878,0
2.76,0.0259474,0.0299954,0
2.77,0.00833604,0.00684655,0
2.78,0.00177597,-0.00486303,0
2.79,-0.00432381,-0.0022465,0
2.8,-0.0120431,0.0120565,0
2.81,-0.0233143,0.0212648,0
2.82,-0.0157883,0.0359669,0
2.83,-0.0149283,0.0320413,0
2.84,-0.00226081,0.0107948,0
2.85,0.0291707,0.0340119,0
2.86,0.0289058,0.00443175,0
2.87,0.0364547,0.0162131,0
2.88,0.0356957,0.0271643,0
2.89,0.0407308,0.0353153,0
2.9,0.0437762,0.0253052,0
2.91,0.0269681,0.0102644,0
2.92,0.0309672,0.0159103,0
2.93,0.0166959,0.0170765,0
2.94,0.00341441,0.0181506,0
2.95,-0.00279735,0.0269353,0
2.96,0.0069699,0.0097275,0
2.97,0.0320012,0.0231808,0
2.98,0.0176531,0.01238,0
2.99,0.0239454,0.0121541,0
3,0.0416413,0.00989411,0
3.01,0.0306998,0.00983588,0
3.02,0.032409,-0.00615556,0
3.03,0.0376908,-0.0132731,0
3.04,0.0327628,-0.0256181,0
3.05,0.0302243,-0.029324,0
3.06,0.0339865,-0.0249846,0
3.07,0.0334179,-0.0189216,0
3.08,0.0328751,-0.0288202,0
3.09,0.0462519,-0.0380019,0
3.1,0.0448137,-0.0465597,0
3.11,0.0393795,-0.0565512,0
3.12,0.0130818,-0.0405185,0
3.13,-0.00566206,-0.0550557,0
3.14,0.0120818,-0.0448556,0
3.15,0.00116919,-0.0136521,0
3.16,-0.00897109,-0.0280021,0
3.17,-0.0122691,-0.0160003,0
3.18,-0.00388598,-0.0224165,0
3.19,0.00390909,-0.0594623,0
3.2,0.00543565,-0.0370875,0
3.21,-0.00869034,-0.0359154,0
3.22,-0.0279547,-0.0311112,0
3.23,-0.00865554,-0.0462812,0
3.24,-0.00829529,-0.058352,0
3.25,-0.025525,-0.0654399,0
3.26,-0.0121289,-0.0446768,0
3.27,-0.00744025,-0.0507149,0
3.28,-0.00716233,-0.056313,0
3.29,-0.012621,-0.0439681,0
3.3,-0.00994549,-0.0386367,0
3.31,-0.00540731,-0.0336454,0
3.32,0.0184027,-0.0269714,0
3.33,-0.000683189,-0.0150679,0
3.34,0.00525052,-0.0231953,0
3.35,0.000958644,-0.0487242,0
3.36,-0.00303326,-0.0213848,0
3.37,-0.0206461,0.0040558,0
3.38,-0.0231345,0.00236721,0
3.39,-0.0217646,0.00447718,0
3.4,-0.0225351,0.00275778,0
3.41,-0.0310317,0.00484178,0
3.42,-0.0291151,0.01456,0
3.43,-0.0310035,-0.0214346,0
3.44,-0.0249758,-0.0331998,0
3.45,-0.025523,-0.0286044,0
3.46,-0.0297086,-0.0259603,0
3.47,-0.0475224,-0.0218696,0
3.48,-0.0465021,-0.0197056,0
3.49,-0.0590625,-0.0140053,0
3.5,-0.047392,-0.0242594,0
3.51,-0.0246559,-0.0239593,0
3.52,-0.0211254,-0.00813451,0
3.53,-0.0256093,-0.00692262,0
3.54,-0.037576,-0.00580155,0
3.55,-0.0372148,0.0046527,0
3.56,-0.0503847,0.0106889,0
3.57,-0.0156206,0.0183487,0
3.58,-0.00495849,0.0271038,0
3.59,-0.0183383,0.0315518,0
3.6,-0.0307992,0.0181405,0
3.61,-0.0190871,0.00565662,0
3.62,-0.0020436,0.0488331,0
3.63,-0.00214596,0.0791776,0
3.64,0.00757299,0.0526009,0
3.65,0.00884058,0.0454605,0
3.66,0.000208249,0.0465826,0
3.67,-0.0311135,0.0533587,0
3.68,-0.0504508,0.0110296,0
3.69,-0.0508341,-0.00504788,0
3.7,-0.00827749,-0.00242043,0
3.71,-0.0197998,0.0196434,0
3.72,-0.0108932,0.0246318,0
3.73,-0.0140617,0.0194669,0
3.74,-0.00350795,0.0281593,0
3.75,-0.0112848,0.024789,0
3.76,-0.0107408,0.0118251,0
3.77,-0.00818567,0.0271806,0
3.78,-0.00172153,0.0316555,0
3.79,0.0374778,0.0632871,0
3.8,0.0227235,0.0414627,0
3.81,0.018832,0.0211716,0
3.82,-0.00606699,-0.0152876,0
3.83,0.00025276,-0.0078452,0
3.84,-0.0352083,-0.022618,0
3.85,-0.0309345,-0.0126158,0
3.86,-0.0347341,-0.00168235,0
3.87,-0.0305124,0.0068487,0
3.88,-0.0187948,0.0147778,0
3.89,-0.0234578,-0.00934494,0
3.9,-0.0355559,-0.0162314,0
3.91,-0.0291937,0.00476558,0
3.92,-0.0155458,0.0185593,0
3.93,-0.000806506,0.015869,0
3.94,-0.00304152,0.00353393,0
3.95,-0.00880264,0.00965422,0
3.96,-0.0219412,0.0153506,0
3.97,-0.00673578,0.0304729,0
3.98,0.00536023,0.0171043,0
3.99,0.0243735,0.0300388,0
4,0.00892024,0.0187532,0
4.01,0.0178637,-0.00155258,0
4.02,0.00859831,0.014735,0
4.03,-1.90338e-05,0.00452884,0
4.04,-0.00230876,0.00485131,0
4.05,-0.000346864,-0.0206137,0
4.06,-0.0259279,-0.0128105,0
4.07,-0.0476768,-0.0153664,0
4.08,-0.0466335,-0.00588005,0
4.09,-0.0395224,0.0205335,0
4.1,-0.0329163,0.023421,0
4.11,-0.0210385,0.0416515,0
4.12,-0.0451723,0.0156415,0
4.13,-0.0520685,0.00904818,0
4.14,-0.0229193,0.0225727,0
4.15,-0.0215601,0.0371892,0
4.16,-0.00432976,0.0409591,0
4.17,0.00350578,0.022757,0
4.18,-0.00476137,0.00993202,0
4.19,-0.0243194,0.0311594,0
4.2,-0.0109951,0.0431299,0
4.21,-0.0182527,0.0247917,0
4.22,-0.0208986,0.0236879,0
4.23,-0.029476,0.0381856,0
4.24,-0.0256283,0.0181701,0
4.25,-0.0240788,0.00567197,0
4.26,-0.0226355,-0.00594972,0
4.27,-0.0311044,-0.0228861,0
4.28,-0.0410104,-0.0128687,0
4.29,-0.0461616,0.0238265,0
4.3,-0.0452435,0.0244454,0
4.31,-0.0361767,0.011508,0
4.32,-0.0179364,0.00724983,0
4.33,-0.00507079,-0.0240989,0
4.34,-0.0204935,-0.035668,0
4.35,-0.0426019,-0.0169987,0
4.36,-0.0553969,-0.02498,0
4.37,-0.0636414,-0.0463172,0
4.38,-0.0712898,-0.0485697,0
4.39,-0.058786,-0.0408582,0
4.4,-0.0508156,-0.0434843,0
4.41,-0.0495721,-0.0242761,0
4.42,-0.0598614,-0.0415834,0
4.43,-0.0461114,-0.0400923,0
4.44,-0.0271784,-0.0702407,0
4.45,-0.029183,-0.0842703,0
4.46,-0.0429374,-0.0936978,0
4.47,-0.0577497,-0.110189,0
4.48,-0.0478063,-0.0940442,0
4.49,-0.0467496,-0.0966362,0
4.5,-0.0318719,-0.0892566,0
4.51,-0.0122985,-0.059059,0
4.52,-0.00390871,-0.0624356,0
4.53,0.0038864,-0.0557683,0
4.54,0.00132629,-0.0631084,0
4.55,-0.0125045,-0.052324,0
4.56,-0.017592,-0.0267518,0
4.57,-0.00679926,-0.0205701,0
4.58,-0.00657003,-0.0283103,0
4.59,-0.0120803,-0.0453174,0
4.6,0.000379144,-0.0357909,0
4.61,-0.0154344,-0.0522737,0
4.62,-0.0182719,-0.0696202,0
4.63,-0.0110991,-0.0681531,0
4.64,-0.0126168,-0.0864863,0
4.65,-0.00584758,-0.0936939,0
4.66,-0.00772859,-0.0865104,0
4.67,-0.0131653,-0.0917329,0
4.68,-0.0321272,-0.0887661,0
4.69,-0.045678,-0.0958397,0
4.7,-0.0562128,-0.0884659,0
4.71,-0.0447527,-0.0800009,0
4.72,-0.0476057,-0.0484121,0
4.73,-0.0481809,-0.0464102,0
4.74,-0.0487272,-0.0388353,0
4.75,-0.0414661,-0.0612334,0
4.76,-0.0367958,-0.0547196,0
4.77,-0.0303942,-0.0425037,0
4.78,-0.0108995,-0.040925,0
4.79,-0.020216,-0.0161374,0
4.8,0.0083942,-0.0184623,0
4.81,0.0251675,0.00681268,0
4.82,0.0370876,0.0262246,0
4.83,0.0342324,0.0327971,0
4.84,0.047546,0.036864,0
4.85,0.0263681,0.00136085,0
4.86,0.00463546,0.0293299,0
4.87,0.00201876,0.0414234,0
4.88,0.0114589,0.0506392,0
4.89,-0.00923327,0.0632327,0
4.9,-0.0108814,0.0160913,0
4.91,0.011323,0.0389315,0
4.92,0.0180623,0.0032891,0
4.93,0.0165491,-0.00039453,0
4.94,-0.0102279,0.0137797,0
4.95,0.0139831,0.0269626,0
4.96,0.0324095,0.0236703,0
4.97,0.0536138,0.0107762,0
4.98,0.0557694,0.0221245,0
4.99,0.0381013,-0.000477542,0
5,0.0392612,0.013691,0
5.01,0.0325896,0.0248248,0
5.02,0.00675035,0.0449995,0
5.03,0.00235132,0.0208124,0
5.04,-0.0193379,0.0392327,0
5.05,-0.0219011,0.0330158,0
5.06,-0.024284,0.0251976,0
5.07,-0.0265101,0.0277531,0
5.08,-0.0383973,0.0203192,0
5.09,-0.0379876,-0.0119466,0
5.1,-0.0180014,-0.0166084,0
5.11,-0.0129029,-0.0111315,0
5.12,-0.01593,-0.0117611,0
5.13,-0.00892794,-0.0103042,0
5.14,0.0012764,-0.00894432,0
5.15,-0.0187194,-0.0449569,0
5.16,-0.0016801,-0.0354374,0
5.17,-0.003855,-0.0146974,0
5.18,0.0158177,-0.0150703,0
5.19,-0.00681888,-0.00969151,0
5.2,-0.0164117,-0.00264412,0
5.21,0.00618626,0.00391115,0
5.22,0.0251407,0.00222862,0
5.23,0.0525795,0.0456572,0
5.24,0.0625587,0.0508703,0
5.25,0.0346226,0.0614482,0
5.26,0.00659407,0.0283356,0
5.27,0.00998415,0.0171866,0
5.28,0.00535655,0.00475367,0
5.29,0.0047358,-0.0186807,0
5.3,-0.00361856,0.000867278,0
5.31,-0.0015638,-0.0280193,0
5.32,-0.00538379,-0.0176459,0
5.33,-0.00893281,-0.00430947,0
5.34,0.00331492,-0.023027,0
5.35,0.00898257,-0.0113611,0
5.36,0.00237349,0.0035921,0
5.37,-0.00172606,-0.00995143,0
5.38,-0.0174143,-0.0069718,0
5.39,-0.00456304,0.00767208,0
5.4,-0.00653224,0.00940589,0
5.41,0.00145523,0.0286182,0
5.42,-0.00257665,0.0289093,0
5.43,0.0112711,0.0156384,0
5.44,0.0045093,0.00331814,0
5.45,-0.0193746,0.00945286,0
5.46,-0.0358598,-0.00652741,0
5.47,-0.0274692,-0.0173051,0
5.48,-0.0278403,-0.0138177,0
5.49,-0.0220385,-0.00279456,0
5.5,-0.0326208,0.0074564,0
5.51,-0.0383544,0.0190339,0
5.52,-0.0240385,0.00851474,0
5.53,0.00318118,-0.00331053,0
5.54,0.0145833,-0.00653274,0
5.55,0.0251975,-0.0234558,0
5.56,0.0390617,-0.0525752,0
5.57,0.0340877,-0.0192818,0
5.58,0.0334879,-0.00379278,0
5.59,0.0468836,-0.02458,0
5.6,0.0376546,-0.0185507,0
5.61,0.0409115,-0.0108779,0
5.62,0.057469,-0.0664085,0
5.63,0.0474611,-0.0418658,0
5.64,0.0402072,-0.0268288,0
5.65,0.0215794,-0.0107941,0
5.66,0.0239085,-0.00939557,0
5.67,0.0317986,0.00745002,0
5.68,0.041178,0.00143073,0
5.69,0.0441766,0.00564901,0
5.7,0.0351301,0.0095765,0
5.71,0.00501738,-0.0043628,0
5.72,-0.0033522,0.0100837,0
5.73,0.00441302,0.0079733,0
5.74,0.0157163,-0.00994763,0
5.75,0.0360544,-0.0540211,0
5.76,0.0492677,-0.0496297,0
5.77,0.0554365,-0.0455488,0
5.78,0.0631657,-0.0634066,0
5.79,0.0548399,-0.00346318,0
5.8,0.0625797,-0.0361404,0
5.81,0.0677764,-0.0546635,0
5.82,0.080353,-0.0661329,0
5.83,0.0568689,-0.0923317,0
5.84,0.0272966,-0.0934427,0
5.85,0.0153243,-0.0649999,0
5.86,0.0217779,-0.0638949,0
5.87,0.0298454,-0.0923884,0
5.88,0.0295631,-0.0578641,0
5.89,0.0272658,-0.0593547,0
5.9,0.0390338,-0.0545482,0
5.91,0.0438452,-0.042313,0
5.92,0.0601648,-0.042786,0
5.93,0.0478861,-0.0333899,0
5.94,0.0365185,-0.00136485,0
5.95,0.0300142,0.00713946,0
5.96,0.0338036,-0.00866947,0
5.97,0.0332137,-0.0388847,0
5.98,0.0228998,-0.0670507,0
5.99,0.0271721,-0.0833516,0
6,0.0585674,-0.092855,0
6.01,0.0541901,-0.0779002,0
6.02,0.0662425,-0.164552,0
6.03,0.0674751,-0.140862,0
6.04,0.0801242,-0.126695,0
6.05,0.0292256,-0.121294,0
6.06,0.0289726,-0.124001,0
6.07,0.056163,-0.155993,0
6.08,0.0560156,-0.215002,0
6.09,0.0321944,-0.161958,0
6.1,0.00640878,-0.18542,0
6.11,0.0232816,-0.16821,0
6.12,0.0450958,-0.128427,0
6.13,0.0298281,-0.0913687,0
6.14,0.0413566,-0.072879,0
6.15,0.030505,-0.0578323,0
6.16,0.0146352,-0.00820273,0
6.17,0.0917346,-0.0678093,0
6.18,0.220214,-0.266151,0
6.19,0.161799,-0.161262,0
6.2,-0.0119709,0.0893184,0
6.21,0.00620466,0.0739182,0
6.22,0.00755658,0.0749763,0
6.23,0.0227001,0.0250411,0
6.24,0.12654,-0.10543,0
6.25,0.0646231,-0.165507,0
6.26,-0.105577,-0.11443,0
6.27,-0.249493,-0.0455835,0
6.28,-0.278158,-0.0921969,0
6.29,-0.0997096,-0.117925,0
6.3,0.160025,-0.0299714,0
6.31,0.283537,0.109529,0
6.32,0.242879,0.117163,0
6.33,0.157908,0.162261,0
6.34,0.117292,0.286696,0
6.35,0.212093,0.373167,0
6.36,0.2923,0.316206,0
6.37,0.333827,0.249845,0
6.38,0.361367,0.176559,0
6.39,0.397784,0.0949511,0
6.4,0.435522,0.0547697,0
6.41,0.45166,0.055053,0
6.42,0.467911,0.0947568,0
6.43,0.405064,0.153449,0
6.44,0.349226,0.256274,0
6.45,0.303687,0.347722,0
6.46,0.284287,0.366818,0
6.47,0.352543,0.335068,0
6.48,0.49903,0.247738,0
6.49,0.524136,0.135894,0
6.5,0.423862,0.0161379,0
6.51,0.251591,-0.0847976,0
6.52,0.194733,-0.130043,0
6.53,0.182761,-0.0786249,0
6.54,0.148748,0.0867022,0
6.55,0.141511,0.286648,0
6.56,0.130889,0.469212,0
6.57,0.13794,0.579632,0
6.58,0.17119,0.595939,0
6.59,0.202449,0.469226,0
6.6,0.151098,0.363404,0
6.61,0.101311,0.311592,0
6.62,-0.0484207,0.266672,0
6.63,-0.167686,0.25721,0
6.64,-0.198637,0.334152,0
6.65,-0.142289,0.477198,0
6.66,-0.0803609,0.65284,0
6.67,-0.0878663,0.799882,0
6.68,-0.195594,0.91375,0
6.69,-0.322711,0.966714,0
6.7,-0.38529,0.917614,0
6.71,-0.368104,0.703385,0
6.72,-0.27342,0.484886,0
6.73,-0.211642,0.380837,0
6.74,-0.211075,0.344078,0
6.75,-0.179148,0.447297,0
6.76,-0.0983133,0.652877,0
6.77,-0.0233688,0.920549,0
6.78,-0.0469088,1.17071,0
6.79,-0.107406,1.3091,0
6.8,-0.150127,1.24375,0
6.81,-0.240669,1.12675,0
6.82,-0.316481,1.03032,0
6.83,-0.327727,0.983251,0
6.84,-0.331591,0.947585,0
6.85,-0.268943,0.861225,0
6.86,-0.277242,0.899677,0
6.87,-0.253305,1.09063,0
6.88,-0.194656,1.36631,0
6.89,-0.150069,1.62461,0
6.9,-0.110618,1.74889,0
6.91,-0.142682,1.81487,0
6.92,-0.268555,1.87331,0
6.93,-0.409296,1.91346,0
6.94,-0.498094,1.93011,0
6.95,-0.492316,1.89477,0
6.96,-0.384453,1.77933,0
6.97,-0.258369,1.66994,0
6.98,-0.164378,1.66095,0
6.99,-0.192052,1.69859,0
7,-0.225486,1.81737,0
7.01,-0.234073,1.98658,0
7.02,-0.29265,2.15566,0
7.03,-0.359619,2.21158,0
7.04,-0.41076,2.1928,0
7.05,-0.392277,2.11762,0
7.06,-0.335458,1.96647,0
7.07,-0.285301,1.81533,0
7.08,-0.286086,1.71305,0
7.09,-0.305795,1.7071,0
7.1,-0.352661,1.62417,0
7.11,-0.473246,1.50398,0
7.12,-0.590532,1.35061,0
7.13,-0.687399,1.29158,0
7.14,-0.669616,1.29318,0
7.15,-0.52592,1.22048,0
7.16,-0.436387,1.08392,0
7.17,-0.445227,0.806809,0
7.18,-0.490127,0.50657,0
7.19,-0.557957,0.206068,0
7.2,-0.584327,-0.142314,0
7.21,-0.633623,-0.473908,0
7.22,-0.651801,-0.834012,0
7.23,-0.611276,-1.27421,0
7.24,-0.569894,-1.63713,0
7.25,-0.543049,-1.93684,0
7.26,-0.553029,-2.24658,0
7.27,-0.507381,-2.66077,0
7.28,-0.474775,-3.09911,0
7.29,-0.457532,-3.65535,0
7.3,-0.394527,-4.334,0
7.31,-0.364969,-5.11948,0
7.32,-0.328363,-5.98804,0
7.33,-0.341573,-6.78365,0
7.34,-0.478458,-7.36373,0
7.35,-0.65643,-7.72964,0
7.36,-0.715274,-8.06597,0
7.37,-0.509251,-8.59524,0
7.38,-0.217742,-9.33854,0
7.39,-0.063448,-10.1343,0
7.4,-0.0759931,-11.058,0
7.41,-0.151991,-11.9597,0
7.42,-0.281571,-12.7302,0
7.43,-0.384849,-13.529,0
7.44,-0.48438,-14.2893,0
7.45,-0.591529,-15.0042,0
7.46,-0.625514,-15.6672,0
7.47,-0.612871,-16.329,0
7.48,-0.634901,-17.0706,0
7.49,-0.699974,-17.9335,0
7.5,-0.852244,-18.9199,0
7.51,-1.03113,-19.9871,0
7.52,-1.17295,-21.0584,0
7.53,-1.27629,-22.0327,0
7.54,-1.29558,-22.8574,0
7.55,-1.29966,-23.6177,0
7.56,-1.35192,-24.4801,0
7.57,-1.45378,-25.7016,0
7.58,-1.63913,-27.3717,0
7.59,-1.8778,-29.279,0
7.6,-1.68375,-30.5386,0
7.61,-1.44882,-31.3569,0
7.62,-1.47346,-32.1077,0
7.63,-1.6445,-32.8513,0
7.64,-1.82106,-33.4775,0
7.65,-1.8311,-34.0733,0
7.66,-1.82881,-34.6722,0
7.67,-1.88715,-35.493,0
7.68,-1.89868,-36.8061,0
7.69,-1.93256,-38.5348,0
7.7,-2.1945,-40.4469,0
7.71,-2.25731,-42.2326,0
7.72,-2.11529,-43.6211,0
7.73,-1.96255,-44.5594,0
7.74,-1.88536,-45.1875,0
7.75,-1.99799,-45.9251,0
7.76,-2.14132,-46.7251,0
7.77,-2.35065,-47.8376,0
7.78,-2.69824,-49.253,0
7.79,-3.11999,-50.9214,0
7.8,-3.60085,-52.9068,0
7.81,-3.968,-54.8414,0
7.82,-4.24106,-56.5341,0
7.83,-4.24046,-57.9941,0
7.84,-3.96403,-59.0513,0
7.85,-3.87883,-59.9129,0
7.86,-4.17737,-60.5263,0
7.87,-4.99732,-61.1122,0
7.88,-5.76506,-62.0614,0
7.89,-6.31377,-63.4514,0
7.9,-6.96917,-65.29,0
7.91,-7.65244,-67.3688,0
7.92,-8.4742,-69.154,0
7.93,-9.24733,-70.6467,0
7.94,-9.19993,-71.7,0
7.95,-9.31979,-72.7473,0
7.96,-9.69286,-73.8135,0
7.97,-10.3132,-74.8621,0
7.98,-11.117,-75.9182,0
7.99,-12.8836,-77.1595,0
8,-15.7518,-78.6248,0
8.01,-20.4515,-80.1336,0
8.02,-24.3736,-81.5441,0
8.03,-25.9911,-82.7129,0
8.04,-26.0039,-83.3738,0
8.05,-27.1097,-83.7856,0
8.06,-28.2927,-83.9964,0
8.07,-29.2702,-84.2928,0
8.08,-30.7993,-84.7001,0
8.09,-33.023,-85.0664,0
8.1,-37.1514,-85.5574,0
8.11,-44.2247,-86.2034,0
8.12,-55.8356,-86.8629,0
8.13,-71.2017,-87.3609,0
8.14,-85.2025,-87.5647,0
8.15,-94.0804,-87.665,0
8.16,-96.731,-87.7661,0
8.17,-96.8097,-87.8555,0
8.18,-96.3316,-87.8674,0
8.19,-97.0162,-87.8726,0
8.2,-99.4134,-87.8777,0
8.21,-108,-87.904,0
8.22,-121.782,-87.8235,0
8.23,-136.006,-87.5585,0
8.24,-140.926,-87.3201,0
8.25,-140.082,-87.1966,0
8.26,-138.832,-87.2759,0
8.27,-138.082,-87.3954,0
8.28,-138.893,-87.5127,0
8.29,-137.695,-87.6854,0
8.3,-128.677,-88.0383,0
8.31,-111.499,-88.3448,0
8.32,-90.631,-88.4594,0
8.33,-78.4719,-88.4849,0
8.34,-72.6747,-88.5044,0
8.35,-65.9982,-88.46,0
8.36,-53.0694,-88.2533,0
8.37,-40.9796,-87.8279,0
8.38,-33.3467,-87.2317,0
8.39,-24.9318,-86.4826,0
8.4,-15.782,-85.5269,0
8.41,-10.9833,-84.4607,0
8.42,-11.1349,-83.604,0
8.43,-13.6276,-83.0821,0
8.44,-14.9865,-82.7531,0
8.45,-14.621,-82.3735,0
8.46,-12.5735,-81.6641,0
8.47,-9.76991,-80.4341,0
8.48,-7.51099,-78.7087,0
8.49,-6.65455,-76.6121,0
8.5,-6.57136,-74.6546,0
8.51,-6.69038,-73.0679,0
8.52,-6.36048,-71.9992,0
8.53,-5.72746,-71.3287,0
8.54,-5.29593,-70.7057,0
8.55,-5.18794,-69.883,0
8.56,-4.98357,-68.7355,0
8.57,-4.47705,-67.304,0
8.58,-4.24437,-65.674,0
8.59,-3.90488,-64.0758,0
8.6,-3.75882,-62.8634,0
8.61,-3.95977,-62.0543,0
8.62,-3.93827,-61.4654,0
8.63,-3.58945,-60.863,0
8.64,-3.07853,-59.9688,0
8.65,-2.56629,-58.4478,0
8.66,-2.28877,-56.6145,0
8.67,-2.44693,-54.965,0
8.68,-2.64635,-53.6983,0
8.69,-2.66831,-52.7682,0
8.7,-2.43412,-51.9695,0
8.71,-2.06134,-50.9816,0
8.72,-1.64678,-49.6013,0
8.73,-1.47309,-48.0049,0
8.74,-1.38745,-46.4779,0
8.75,-1.29122,-45.0571,0
8.76,-1.06117,-43.6283,0
8.77,-0.876945,-42.0606,0
8.78,-1.0449,-40.5872,0
8.79,-1.17932,-39.4269,0
8.8,-1.16786,-38.4058,0
8.81,-1.01823,-37.7034,0
8.82,-0.933098,-37.251,0
8.83,-1.03828,-36.8741,0
8.84,-1.23902,-36.3287,0
8.85,-1.42842,-35.4243,0
8.86,-1.6474,-34.1892,0
8.87,-1.77216,-32.7771,0
8.88,-1.79048,-31.3395,0
8.89,-1.58369,-30.1267,0
8.9,-1.25238,-29.0475,0
8.91,-1.24986,-28.1359,0
8.92,-1.51863,-27.2472,0
8.93,-1.78653,-26.2417,0
8.94,-1.9093,-25.0889,0
8.95,-1.93129,-23.7706,0
8.96,-1.898,-22.519,0
8.97,-1.75916,-21.3435,0
8.98,-1.54755,-20.147,0
8.99,-1.34091,-18.7193,0
9,-1.12822,-17.1989,0
9.01,-1.12781,-15.7597,0
9.02,-1.23818,-14.5861,0
9.03,-1.29789,-13.6977,0
9.04,-1.3336,-13.0139,0
9.05,-1.38342,-12.5279,0
9.06,-1.35114,-12.0014,0
9.07,-1.20645,-11.1666,0
9.08,-1.0318,-10.1006,0
9.09,-0.882973,-8.98549,0
9.1,-0.870873,-7.86404,0
9.11,-0.851674,-6.75011,0
9.12,-0.860838,-5.60802,0
9.13,-0.984626,-4.59695,0
9.14,-1.02412,-3.86404,0
9.15,-0.98467,-3.31581,0
9.16,-0.919508,-2.68923,0
9.17,-0.812646,-1.96041,0
9.18,-0.717556,-1.04766,0
9.19,-0.735621,-0.0528515,0
9.2,-0.68038,1.02494,0
9.21,-0.634599,2.35063,0
9.22,-0.627688,3.78409,0
9.23,-0.717854,4.73856,0
9.24,-0.813857,5.26273,0
9.25,-0.904232,5.70595,0
9.26,-0.806352,6.37515,0
9.27,-0.681538,7.61692,0
9.28,-0.640965,9.27906,0
9.29,-0.703693,10.939,0
9.3,-0.837379,12.6023,0
9.31,-1.01677,14.2779,0
9.32,-1.08506,15.7166,0
9.33,-1.07388,16.9813,0
9.34,-0.87254,17.8203,0
9.35,-0.52461,18.6508,0
9.36,-0.269614,19.6436,0
9.37,-0.165711,21.1281,0
9.38,-0.217938,22.9548,0
9.39,-0.317692,24.7277,0
9.4,-0.402778,26.151,0
9.41,-0.328259,27.5022,0
9.42,-0.106703,28.8997,0
9.43,0.170939,30.259,0
9.44,0.414709,31.3759,0
9.45,0.671624,32.5904,0
9.46,0.754994,33.9867,0
9.47,0.714243,35.5616,0
9.48,0.634078,37.116,0
9.49,0.562712,38.5246,0
9.5,0.659297,39.7076,0
9.51,0.799087,40.6665,0
9.52,0.896727,42.1918,0
9.53,0.959378,43.724,0
9.54,1.0312,45.2934,0
9.55,1.05159,46.8469,0
9.56,1.04245,48.4127,0
9.57,0.70181,50.0329,0
9.58,0.221057,51.3239,0
9.59,0.240714,52.8334,0
9.6,0.24793,54.708,0
9.61,0.0524529,56.6776,0
9.62,-0.23451,58.6162,0
9.63,-0.74392,60.6601,0
9.64,-1.14534,62.7196,0
9.65,-1.13759,64.9368,0
9.66,-1.41604,67.1274,0
9.67,-2.08507,69.0484,0
9.68,-2.69301,70.8152,0
9.69,-2.90642,72.6837,0
9.7,-2.94525,75.0312,0
9.71,-3.38965,77.7929,0
9.72,-4.96488,80.569,0
9.73,-8.58298,83.1063,0
9.74,-15.785,85.3307,0
9.75,-27.5437,87.0906,0
9.76,-46.8867,88.3016,0
9.77,-75.7854,88.923,0
9.78,-120.485,88.9418,0
9.79,-148.187,88.159,0
9.8,-159.745,86.9523,0
9.81,-166.215,85.3981,0
9.82,-169.363,83.6029,0
9.83,-170.306,81.9988,0
9.84,-170.113,80.8766,0
9.85,-169.606,80.2823,0
9.86,-169.486,79.942,0
9.87,-169.807,79.5845,0
9.88,-170.593,79.1935,0
9.89,-171.511,78.7926,0
9.9,-172.451,78.3209,0
9.91,-173.519,77.7343,0
9.92,-174.059,77.1776,0
9.93,-173.948,76.7752,0
9.94,-173.551,76.6211,0
9.95,-172.562,77.0975,0
9.96,-171.022,78.408,0
9.97,-169.332,80.169,0
9.98,-168.072,81.7801,0
9.99,-167.449,83.0144,0
10,-168.34,83.7764,0
10.01,-163.143,86.5318,0
10.02,-137.603,88.9457,0
10.03,-16.9381,88.4045,0
10.04,-3.48068,86.2874,0
10.05,-0.43098,84.3349,0
10.06,0.795388,82.6391,0
10.07,1.45183,81.0642,0
10.08,1.93783,79.7395,0
10.09,2.37461,78.524,0
10.1,2.97157,77.707,0
10.11,3.97184,77.2282,0
10.12,4.3881,76.4609,0
10.13,4.2471,75.3549,0
10.14,4.6065,74.0321,0
10.15,5.33608,72.3126,0
10.16,5.47866,70.0565,0
10.17,5.67253,67.8778,0
10.18,6.05165,66.3419,0
10.19,6.28776,65.4493,0
10.2,6.19937,64.674,0
10.21,5.90194,63.3729,0
10.22,5.82186,61.8773,0
10.23,5.84483,60.0715,0
10.24,5.60276,57.4867,0
10.25,5.40856,54.0342,0
10.26,5.37007,50.2855,0
10.27,5.34353,47.4463,0
10.28,5.52136,45.6256,0
10.29,5.38832,44.5559,0
10.3,5.08204,44.5686,0
10.31,4.94209,44.6971,0
10.32,4.6408,43.3703,0
10.33,4.38576,40.3715,0
10.34,4.27273,36.1275,0
10.35,4.16226,31.832,0
10.36,4.02433,28.5409,0
10.37,3.83857,26.7832,0
10.38,3.81091,25.4568,0
10.39,3.47672,24.2136,0
10.4,3.24147,22.8267,0
10.41,3.01714,21.3679,0
10.42,2.7546,19.8786,0
10.43,2.48329,18.1099,0
10.44,2.24845,16.1749,0
10.45,2.00893,14.4377,0
10.46,1.88161,13.1241,0
10.47,1.80407,12.1613,0
10.48,1.73013,11.2205,0
10.49,1.59561,10.1302,0
10.5,1.48583,9.03798,0
10.51,1.44822,8.16029,0
10.52,1.48477,7.33703,0
10.53,1.41447,6.46819,0
10.54,1.39102,5.74381,0
10.55,1.3809,5.12563,0
10.56,1.31574,4.59681,0
10.57,1.19765,4.20776,0
10.58,1.07535,3.76762,0
10.59,0.979772,3.30605,0
10.6,0.784421,2.82826,0
10.61,0.666309,2.1815,0
10.62,0.580309,1.56582,0
10.63,0.410712,1.08176,0
10.64,0.105182,0.66275,0
10.65,-0.289224,0.270098,0
10.66,-0.642146,-0.170794,0
10.67,-1.08561,-0.481316,0
10.68,-1.50811,-0.774914,0
10.69,-2.04592,-1.09512,0
10.7,-2.5774,-1.47386,0
10.71,-3.10675,-1.6863,0
10.72,-3.66999,-1.6796,0
10.73,-4.27367,-1.53047,0
10.74,-5.01946,-1.40839,0
10.75,-5.92128,-1.34173,0
10.76,-6.77623,-1.2725,0
10.77,-7.44951,-1.18676,0
10.78,-8.07716,-1.10478,0
10.79,-8.69412,-1.01401,0
10.8,-9.4718,-1.03132,0
10.81,-10.3576,-1.1517,0
10.82,-11.4149,-1.34167,0
10.83,-12.4894,-1.38245,0
10.84,-13.4407,-1.3108,0
10.85,-14.3023,-1.19172,0
10.86,-15.2349,-1.0169,0
10.87,-16.2625,-0.864335,0
10.88,-17.3419,-0.740568,0
10.89,-18.6548,-0.911591,0
10.9,-19.8585,-1.05253,0
10.91,-20.9417,-1.15783,0
10.92,-21.9512,-1.19868,0
10.93,-22.8131,-1.1828,0
10.94,-23.6031,-1.03315,0
10.95,-24.5642,-0.900967,0
10.96,-25.5369,-0.945506,0
10.97,-26.5919,-1.08931,0
10.98,-27.6669,-1.19396,0
10.99,-28.7841,-1.25647,0
11,-30.0132,-1.39719,0
11.01,-31.3253,-1.75007,0
11.02,-32.3163,-2.13189,0
11.03,-33.2042,-2.1991,0
11.04,-34.3621,-2.12594,0
11.05,-35.745,-1.96083,0
11.06,-37.129,-1.68991,0
11.07,-38.2085,-1.59555,0
11.08,-39.1375,-1.54846,0
11.09,-40.3266,-1.45824,0
11.1,-41.6464,-1.5691,0
11.11,-43.1082,-1.91264,0
11.12,-44.5528,-2.2896,0
11.13,-45.905,-2.58139,0
11.14,-47.0966,-2.6291,0
11.15,-48.0752,-2.37322,0
11.16,-49.1132,-2.07707,0
11.17,-50.3902,-1.8817,0
11.18,-51.9895,-1.86901,0
11.19,-53.7057,-2.10889,0
11.2,-55.3974,-2.50124,0
11.21,-56.8906,-3.05939,0
11.22,-58.2538,-3.60626,0
11.23,-59.3797,-3.7421,0
11.24,-60.21,-3.70208,0
11.25,-61.0644,-3.69794,0
11.26,-62.2209,-3.7203,0
11.27,-63.6012,-3.86681,0
11.28,-65.0494,-4.02133,0
11.29,-66.1518,-4.27958,0
11.3,-67.0275,-4.58161,0
11.31,-68.3773,-4.85189,0
11.32,-69.7735,-4.90726,0
11.33,-70.8304,-4.92496,0
11.34,-71.43,-4.81683,0
11.35,-72.085,-4.62042,0
11.36,-72.6116,-4.66698,0
11.37,-73.1623,-4.89273,0
11.38,-73.6872,-5.26543,0
11.39,-74.699,-5.60775,0
11.4,-76.0679,-5.86218,0
11.41,-77.1301,-6.05307,0
11.42,-77.9006,-5.94628,0
11.43,-78.3674,-5.66297,0
11.44,-78.5326,-5.35838,0
11.45,-78.6999,-5.08058,0
11.46,-79.0169,-4.86829,0
11.47,-79.4968,-4.75404,0
11.48,-80.4826,-4.67007,0
11.49,-81.9907,-4.49163,0
11.5,-83.3889,-4.22318,0
11.51,-84.0654,-4.12455,0
11.52,-84.251,-4.06393,0
11.53,-84.3994,-3.92305,0
11.54,-84.5648,-3.82493,0
11.55,-84.7841,-3.75511,0
11.56,-85.1573,-3.77601,0
11.57,-85.9546,-3.93696,0
11.58,-86.8859,-4.07985,0
11.59,-87.4711,-4.22137,0
11.6,-87.7303,-4.30488,0
11.61,-87.8258,-4.30683,0
11.62,-87.832,-4.30343,0
11.63,-87.8416,-4.39186,0
11.64,-87.8818,-4.63156,0
11.65,-87.9085,-4.90113,0
11.66,-87.841,-5.0058,0
11.67,-87.6227,-5.00357,0
11.68,-87.3698,-4.94906,0
11.69,-87.0287,-4.86782,0
11.7,-86.5788,-4.71875,0
11.71,-86.1679,-4.66251,0
11.72,-85.7602,-4.72866,0
11.73,-85.3438,-4.98732,0
11.74,-84.7977,-5.22205,0
11.75,-83.9829,-5.25722,0
11.76,-83.0141,-5.14854,0
11.77,-82.1943,-5.03025,0
11.78,-81.3806,-5.01101,0
11.79,-80.6452,-5.05037,0
11.8,-79.8942,-5.15799,0
11.81,-79.1181,-5.25473,0
11.82,-78.2935,-5.26706,0
11.83,-77.4889,-5.35712,0
11.84,-76.6077,-5.51059,0
11.85,-75.5784,-5.6957,0
11.86,-74.3309,-5.79634,0
11.87,-73.0462,-5.76019,0
11.88,-71.9656,-5.67507,0
11.89,-70.9757,-5.51238,0
11.9,-69.9457,-5.44329,0
11.91,-68.8682,-5.3646,0
11.92,-67.5955,-5.2786,0
11.93,-66.0251,-5.15029,0
11.94,-64.2395,-4.94716,0
11.95,-62.5436,-4.78801,0
11.96,-60.9884,-4.62178,0
11.97,-59.4972,-4.69584,0
11.98,-58.2492,-4.72451,0
11.99,-56.9102,-4.6001,0
12,-55.46,-4.41317,0
12.01,-53.8763,-4.21653,0
12.02,-52.0051,-4.36158,0
12.03,-50.125,-4.51659,0
12.04,-48.6364,-4.3578,0
12.05,-47.2776,-4.18006,0
12.06,-46.0716,-3.96488,0
12.07,-45.1385,-3.51297,0
12.08,-44.4087,-3.13124,0
12.09,-43.3504,-2.9362,0
12.1,-42.2316,-2.62034,0
12.11,-41.0377,-2.27875,0
12.12,-39.6203,-2.21603,0
12.13,-37.9747,-2.2077,0
12.14,-36.4629,-2.36186,0
12.15,-35.1313,-2.62371,0
12.16,-34.1487,-2.4749,0
12.17,-33.1854,-2.1411,0
12.18,-32.1215,-2.09639,0
12.19,-31.1749,-2.31899,0
12.2,-30.3166,-2.44527,0
12.21,-29.3342,-2.44283,0
12.22,-28.2635,-2.34999,0
12.23,-27.2518,-2.1468,0
12.24,-26.3921,-1.72559,0
12.25,-25.587,-1.21846,0
12.26,-24.7438,-0.906831,0
12.27,-23.8558,-0.914133,0
12.28,-23.0037,-1.02737,0
12.29,-22.1877,-1.17426,0
12.3,-21.4531,-1.30623,0
12.31,-20.7861,-1.42901,0
12.32,-20.1002,-1.46301,0
12.33,-19.3482,-1.43617,0
12.34,-18.6481,-1.27484,0
12.35,-18.176,-1.04769,0
12.36,-17.6995,-0.949204,0
12.37,-17.1995,-0.9049,0
12.38,-16.5982,-0.943554,0
12.39,-15.9003,-1.11528,0
12.4,-15.2612,-1.32247,0
12.41,-14.6138,-1.57894,0
12.42,-13.8761,-1.73546,0
12.43,-13.0872,-1.73957,0
12.44,-12.3502,-1.58109,0
12.45,-11.338,-1.38508,0
12.46,-10.3951,-1.22538,0
12.47,-9.50753,-1.08216,0
12.48,-8.64546,-0.953387,0
12.49,-7.82399,-0.841327,0
12.5,-7.11539,-0.775456,0
12.51,-6.53461,-0.736616,0
12.52,-5.96826,-0.655112,0
12.53,-5.32294,-0.692061,0
12.54,-4.57442,-0.860489,0
12.55,-3.67154,-1.0281,0
12.56,-2.78408,-1.16246,0
12.57,-1.96482,-1.27734,0
12.58,-1.13341,-1.36576,0
12.59,-0.163187,-1.53011,0
12.6,0.744506,-1.6694,0
12.61,1.59086,-1.82308,0
12.62,2.41156,-1.90491,0
12.63,3.37122,-1.88996,0
12.64,4.51412,-2.01662,0
12.65,5.7511,-2.27634,0
12.66,7.06817,-2.46042,0
12.67,8.36781,-2.4795,0
12.68,9.56178,-2.54529,0
12.69,10.7366,-2.5612,0
12.7,11.9239,-2.51839,0
12.71,12.9811,-2.70777,0
12.72,14.1143,-2.89643,0
12.73,15.5054,-3.0664,0
12.74,17.1417,-2.9985,0
12.75,18.6712,-2.82657,0
12.76,20.0116,-2.56036,0
12.77,21.3451,-2.39259,0
12.78,22.4072,-2.2285,0
12.79,23.2621,-2.10624,0
12.8,24.4028,-2.03776,0
12.81,25.5537,-1.98982,0
12.82,26.9269,-1.98561,0
12.83,28.6206,-2.13671,0
12.84,30.6573,-2.56542,0
12.85,32.6731,-2.87604,0
12.86,34.261,-2.90344,0
12.87,35.3595,-2.70194,0
12.88,36.1791,-2.56413,0
12.89,36.5829,-2.79532,0
12.9,37.0951,-2.84172,0
12.91,38.319,-2.74275,0
12.92,40.4449,-2.85409,0
12.93,42.9728,-2.75931,0
12.94,45.2748,-2.79542,0
12.95,46.7695,-2.81692,0
12.96,47.4136,-2.87274,0
12.97,47.7873,-3.17277,0
12.98,48.1196,-3.84286,0
12.99,48.6105,-4.19267,0
13,50.2009,-4.03474,0
13.01,52.7588,-4.25894,0
13.02,55.2504,-3.87167,0
13.03,57.4166,-3.57154,0
13.04,59.1015,-3.75499,0
13.05,60.1944,-3.96902,0
13.06,60.8614,-4.02624,0
13.07,61.7272,-4.18769,0
13.08,62.749,-4.17835,0
13.09,64.3907,-4.1587,0
13.1,66.5924,-4.36619,0
13.11,69.4177,-5.25016,0
13.12,71.9633,-5.68111,0
13.13,73.416,-5.67289,0
13.14,74.4214,-5.68729,0
13.15,74.5254,-5.84546,0
13.16,73.5666,-5.65361,0
13.17,72.548,-4.60334,0
13.18,72.7738,-3.41365,0
13.19,74.9951,-3.32287,0
13.2,78.0629,-3.55124,0
13.21,80.8339,-3.79297,0
13.22,82.5608,-4.20939,0
13.23,83.6399,-4.52267,0
13.24,84.0029,-4.82677,0
13.25,83.5922,-4.79179,0
13.26,82.8663,-4.1927,0
13.27,82.7698,-3.26819,0
13.28,84.0175,-2.99008,0
13.29,86.3472,-2.99758,0
13.3,88.577,-2.93238,0
13.31,90.0615,-3.11097,0
13.32,90.8448,-3.34509,0
13.33,91.1727,-3.3879,0
13.34,91.0607,-3.33314,0
13.35,90.5972,-3.08937,0
13.36,90.476,-2.70367,0
13.37,91.2362,-2.36669,0
13.38,92.5333,-2.29595,0
13.39,93.7909,-2.40058,0
13.4,94.696,-2.54696,0
13.41,95.1601,-2.77191,0
13.42,94.5194,-2.8715,0
13.43,93.9458,-2.98496,0
13.44,93.2749,-3.09176,0
13.45,92.8569,-3.1109,0
13.46,92.9284,-3.10319,0
13.47,93.1636,-3.00767,0
13.48,93.3451,-2.97996,0
13.49,93.2971,-3.02294,0
13.5,92.9625,-3.05166,0
13.51,92.0532,-3.10346,0
13.52,90.9058,-3.27046,0
13.53,89.8192,-3.49736,0
13.54,88.9386,-3.53954,0
13.55,88.484,-3.36628,0
13.56,88.1966,-3.15419,0
13.57,87.7705,-2.97024,0
13.58,86.8376,-2.83856,0
13.59,85.5814,-2.71159,0
13.6,84.0254,-2.65398,0
13.61,82.2457,-2.53565,0
13.62,80.7275,-2.09978,0
13.63,80.1128,-1.58702,0
13.64,80.2804,-1.51092,0
13.65,80.3521,-1.53199,0
13.66,79.5329,-1.54468,0
13.67,77.872,-1.63904,0
13.68,75.6726,-1.86474,0
13.69,72.928,-1.86371,0
13.7,70.4047,-1.06217,0
13.71,69.2097,-0.322516,0
13.72,69.2084,-0.152555,0
13.73,69.3949,-0.285243,0
13.74,69.0816,-0.48661,0
13.75,68.029,-0.857179,0
13.76,66.2872,-1.38127,0
13.77,63.8153,-1.81316,0
13.78,60.9164,-1.78576,0
13.79,58.126,-0.285305,0
13.8,56.638,1.24414,0
13.81,55.9833,1.64306,0
13.82,55.4909,1.37251,0
13.83,54.9532,0.911606,0
13.84,54.4931,0.637505,0
13.85,53.649,0.275559,0
13.86,51.4326,-0.445733,0
13.87,48.2331,-0.237791,0
13.88,45.2713,0.490375,0
13.89,42.9703,1.38106,0
13.9,41.2413,2.18268,0
13.91,40.1361,2.66488,0
13.92,39.315,2.98033,0
13.93,38.2941,3.11004,0
13.94,36.7087,3.06056,0
13.95,34.836,2.91565,0
13.96,32.7889,3.08489,0
13.97,30.4919,3.51702,0
13.98,29.7972,3.60354,0
13.99,29.1406,3.67511,0
14,28.4299,3.73309,0
14.01,27.6909,3.79471,0
14.02,27.0021,3.85217,0
14.03,26.2377,3.78889,0
14.04,25.4436,3.58614,0
14.05,24.4467,3.10707,0
14.06,23.2314,2.80966,0
14.07,21.8089,2.86432,0
14.08,20.4503,3.14437,0
14.09,19.5874,3.41429,0
14.1,19.0584,3.47124,0
14.11,18.4121,3.24505,0
14.12,17.5778,2.87206,0
14.13,16.7027,2.6506,0
14.14,15.9193,2.62338,0
14.15,15.0201,2.72452,0
14.16,14.0181,2.78435,0
14.17,13.02,2.92521,0
14.18,12.1435,3.14647,0
14.19,11.5835,3.26782,0
14.2,11.049,3.1615,0
14.21,10.6562,2.6625,0
14.22,10.5094,1.99593,0
14.23,10.582,1.05378,0
14.24,10.5548,0.485574,0
14.25,10.3836,0.678295,0
14.26,10.0966,1.0621,0
14.27,9.57581,1.49882,0
14.28,8.91743,1.69215,0
14.29,8.20455,1.18287,0
14.3,7.90566,0.310049,0
14.31,8.30469,-0.767499,0
14.32,8.77821,-1.49678,0
14.33,9.00498,-1.27377,0
14.34,8.88283,-0.429698,0
14.35,8.23635,0.732943,0
14.36,7.5155,1.92001,0
14.37,6.94768,2.14925,0
14.38,6.5258,0.782887,0
14.39,6.55675,-0.85968,0
14.4,6.8612,-1.38755,0
14.41,7.10369,-0.951842,0
14.42,6.85523,-0.329691,0
14.43,6.21336,0.142283,0
14.44,5.58754,0.745955,0
14.45,4.9446,0.826635,0
14.46,4.45374,0.0326382,0
14.47,4.21642,-1.3697,0
14.48,4.17675,-2.6659,0
14.49,4.16594,-2.95517,0
14.5,3.95898,-2.51226,0
14.51,3.909,-2.01944,0
14.52,4.00801,-1.7536,0
14.53,4.05033,-1.46709,0
14.54,3.97342,-0.871712,0
14.55,3.8125,-0.733498,0
14.56,3.33517,-1.39506,0
14.57,2.62544,-2.16403,0
14.58,2.14557,-2.35196,0
14.59,2.02801,-2.35452,0
14.6,2.19065,-2.32774,0
14.61,2.54082,-2.35797,0
14.62,2.9969,-2.47057,0
14.63,3.41186,-2.52647,0
14.64,3.47537,-2.48185,0
14.65,3.11528,-2.62441,0
14.66,2.54516,-2.91222,0
14.67,2.25563,-3.09098,0
14.68,2.24287,-3.141,0
14.69,2.58918,-3.14216,0
14.7,3.03768,-3.15852,0
14.71,3.71777,-2.93622,0
14.72,4.22548,-2.49245,0
14.73,4.28723,-1.96418,0
14.74,3.70363,-1.54367,0
14.75,2.97936,-1.61245,0
14.76,2.40548,-2.36508,0
14.77,2.08733,-3.36002,0
14.78,2.2911,-4.32242,0
14.79,2.79867,-4.96136,0
14.8,3.48969,-5.05217,0
14.81,3.81867,-4.30765,0
14.82,3.87932,-3.47544,0
14.83,3.16483,-2.85265,0
14.84,1.97181,-2.20534,0
14.85,1.41842,-2.24647,0
14.86,1.46585,-2.89374,0
14.87,1.87898,-3.62608,0
14.88,2.19294,-3.80348,0
14.89,2.36054,-3.84922,0
14.9,2.46755,-3.96494,0
14.91,2.28218,-3.6602,0
14.92,2.10527,-3.36312,0
14.93,2.108,-3.26869,0
14.94,2.0723,-3.23962,0
14.95,1.84534,-3.27084,0
14.96,1.47872,-3.49742,0
14.97,0.974549,-3.7672,0
14.98,0.884385,-4.2103,0
14.99,0.898446,-4.17826,0
15,1.22807,-4.04773,0
15.01,1.08195,-3.83006,0
15.02,0.943528,-3.629,0
15.03,0.804241,-3.45009,0
15.04,0.699324,-3.23757,0
15.05,0.626136,-3.03744,0
15.06,0.57973,-2.85042,0
15.07,0.566023,-2.62477,0
15.08,0.653158,-2.35246,0
15.09,1.01067,-2.02411,0
15.1,1.48803,-1.73845,0
15.11,1.89771,-1.47451,0
15.12,2.18279,-1.26402,0
15.13,2.19943,-1.35672,0
15.14,2.0608,-1.6799,0
15.15,2.04216,-1.99276,0
15.16,2.21888,-2.33206,0
15.17,2.5382,-2.75263,0
15.18,2.9903,-3.2252,0
15.19,3.47003,-3.70417,0
15.2,4.02135,-4.03205,0
15.21,4.55813,-4.14523,0
15.22,4.83874,-4.19364,0
15.23,4.77462,-4.21533,0
15.24,4.51135,-4.31028,0
15.25,4.26292,-4.17283,0
15.26,4.21451,-4.09312,0
15.27,4.34652,-3.98054,0
15.28,4.56393,-3.87723,0
15.29,4.83587,-3.77771,0
15.3,4.88756,-3.69163,0
15.31,4.6584,-3.71706,0
15.32,4.43534,-3.66311,0
15.33,4.22978,-3.55568,0
15.34,4.42508,-3.41458,0
15.35,4.63459,-3.26777,0
15.36,4.83959,-3.15347,0
15.37,5.06337,-3.06879,0
15.38,5.27427,-3.02632,0
15.39,5.33678,-3.13324,0
15.4,5.1657,-3.23647,0
15.41,4.95884,-3.28775,0
15.42,4.87112,-3.25503,0
15.43,4.66707,-3.0143,0
15.44,4.38964,-2.73648,0
15.45,4.36241,-2.57349,0
15.46,4.52106,-2.37735,0
15.47,4.69031,-2.22128,0
15.48,4.78023,-2.22716,0
15.49,4.84024,-2.45577,0
15.5,4.84218,-2.69544,0
15.51,4.68626,-2.79106,0
15.52,4.40638,-2.95449,0
15.53,4.3431,-3.22895,0
15.54,4.56984,-3.43165,0
15.55,4.69464,-3.40735,0
15.56,4.65896,-3.39762,0
15.57,4.57715,-3.35201,0
15.58,4.56363,-3.13889,0
15.59,4.50989,-2.86966,0
15.6,4.2425,-2.41296,0
15.61,3.70774,-1.8197,0
15.62,3.31996,-1.47556,0
15.63,3.26589,-1.62791,0
15.64,3.44628,-2.06615,0
15.65,3.80586,-2.49113,0
15.66,4.1153,-2.76021,0
15.67,4.19344,-2.89268,0
15.68,3.95984,-2.86658,0
15.69,3.51505,-2.3901,0
15.7,3.15551,-1.58979,0
15.71,2.95159,-0.917888,0
15.72,3.0403,-0.647159,0
15.73,3.1603,-0.81526,0
15.74,3.32417,-1.1347,0
15.75,3.50536,-1.49364,0
15.76,3.47706,-1.9821,0
15.77,3.38836,-2.43552,0
15.78,3.44071,-2.57773,0
15.79,3.38314,-2.33837,0
15.8,3.33194,-1.86348,0
15.81,3.28446,-1.25753,0
15.82,3.27394,-0.475031,0
15.83,3.09944,0.402087,0
15.84,3.27568,0.840323,0
15.85,3.63148,0.661728,0
15.86,4.05117,-0.100497,0
15.87,4.34092,-1.17028,0
15.88,4.27948,-2.19939,0
15.89,3.98634,-2.91746,0
15.9,3.48237,-3.26286,0
15.91,3.05553,-3.04065,0
15.92,2.76162,-2.52336,0
15.93,2.43622,-1.7884,0
15.94,1.86509,-0.978646,0
15.95,1.43847,0.00499811,0
15.96,1.15684,0.84858,0
15.97,1.27776,1.4685,0
15.98,1.87636,1.76323,0
15.99,2.6805,1.8747,0
16,3.42675,1.71463,0
16.01,3.839,1.27843,0
16.02,3.88964,0.792632,0
16.03,3.74515,0.234745,0
16.04,3.5476,-0.347207,0
16.05,3.3361,-0.680434,0
16.06,3.26827,-0.698839,0
16.07,3.26757,-0.492827,0
16.08,3.35469,-0.0351685,0
16.09,3.65518,0.498815,0
16.1,3.84037,1.26176,0
16.11,3.70014,1.79335,0
16.12,3.4552,1.86559,0
16.13,3.24381,1.28781,0
16.14,3.13788,0.401335,0
16.15,3.16574,-0.247789,0
16.16,2.97683,-0.375496,0
16.17,2.60386,-0.109486,0
16.18,2.25155,0.358206,0
16.19,1.88442,0.903814,0
16.2,1.58343,1.40584,0
16.21,1.41836,1.61807,0
16.22,1.47429,1.66763,0
16.23,1.37453,1.48509,0
16.24,1.17403,1.05101,0
16.25,0.85425,0.35283,0
16.26,0.47638,-0.221229,0
16.27,0.0224853,-0.275903,0
16.28,-0.558115,0.0832983,0
16.29,-1.23802,0.617491,0
16.3,-1.74982,0.939671,0
16.31,-1.93116,1.19455,0
16.32,-1.91909,0.973098,0
16.33,-1.69183,0.369395,0
16.34,-1.46008,-0.368852,0
16.35,-1.45,-0.916749,0
16.36,-1.52403,-0.991771,0
16.37,-1.45576,-0.50688,0
16.38,-1.34868,0.379068,0
16.39,-1.30445,1.09108,0
16.4,-1.36518,1.1754,0
16.41,-1.17746,0.896801,0
16.42,-0.910444,0.596819,0
16.43,-0.587615,0.576556,0
16.44,-0.332328,0.874306,0
16.45,-0.133606,1.3425,0
16.46,0.198527,1.95807,0
16.47,0.214458,2.59807,0
16.48,-0.228412,3.1779,0
16.49,-0.989557,3.60779,0
16.5,-1.71433,3.95869,0
16.51,-1.94052,4.49475,0
16.52,-1.68741,4.88554,0
16.53,-1.26546,5.10181,0
16.54,-0.89609,5.28827,0
16.55,-0.689629,5.20351,0
16.56,-0.48048,5.09584,0
16.57,-0.224472,4.89605,0
16.58,0.0639231,4.58842,0
16.59,0.236423,4.32097,0
16.6,0.482671,4.2788,0
16.61,0.81876,4.24868,0
16.62,1.18132,4.26566,0
16.63,1.39905,4.09596,0
16.64,2.97432,1.35023,0
16.65,2.805,1.47641,0
16.66,2.61182,1.77798,0
16.67,2.11881,1.91597,0
16.68,1.51071,2.05765,0
16.69,1.04029,2.25986,0
16.7,0.656659,2.46463,0
16.71,0.543127,2.92388,0
16.72,0.616917,3.54894,0
16.73,0.753958,3.95134,0
16.74,0.927261,4.15202,0
16.75,1.17543,4.26096,0
16.76,1.54143,4.30533,0
16.77,1.87592,4.23973,0
16.78,2.01551,4.16889,0
16.79,2.0359,4.04125,0
16.8,1.93518,3.77541,0
16.81,1.63503,3.61539,0
16.82,1.36405,3.87121,0
16.83,1.10273,4.39001,0
16.84,0.940816,4.6487,0
16.85,0.894333,4.56961,0
16.86,1.0013,4.50941,0
16.87,0.96042,4.14806,0
16.88,0.908801,3.86538,0
16.89,0.867136,3.65688,0
16.9,0.790849,3.51728,0
16.91,0.688357,3.52267,0
16.92,0.379432,3.80387,0
16.93,-0.102367,4.08951,0
16.94,-0.711133,4.28887,0
16.95,-1.31786,4.43151,0
16.96,-1.85801,4.32781,0
16.97,-2.01884,3.95661,0
16.98,-1.94299,3.42808,0
16.99,-1.86871,3.37329,0
17,-1.91221,3.70705,0
17.01,-2.09161,4.14256,0
17.02,-2.54598,4.78376,0
17.03,-3.2947,5.38175,0
17.04,-4.0272,5.69914,0
17.05,-4.4505,5.3791,0
17.06,-4.23383,4.49255,0
17.07,-3.72978,3.44013,0
17.08,-3.36203,2.66011,0
17.09,-3.32869,2.80322,0
17.1,-3.55617,3.65592,0
17.11,-3.78841,4.53283,0
17.12,-3.83663,5.31593,0
17.13,-3.70609,5.73147,0
17.14,-3.61271,5.71341,0
17.15,-3.6525,5.0508,0
17.16,-3.51181,4.0065,0
17.17,-3.49176,3.06202,0
17.18,-3.93421,2.62864,0
17.19,-4.55507,3.15269,0
17.2,-4.94779,4.37324,0
17.21,-5.25832,5.48183,0
17.22,-5.46928,6.20218,0
17.23,-5.59299,6.48936,0
17.24,-5.57759,6.00615,0
17.25,-5.39852,5.01782,0
17.26,-5.40962,4.11754,0
17.27,-5.87012,3.83863,0
17.28,-6.32576,4.26992,0
17.29,-6.37579,5.25235,0
17.3,-6.00721,6.59027,0
17.31,-5.65985,7.92098,0
17.32,-5.41745,8.71205,0
17.33,-5.24721,8.56311,0
17.34,-4.96397,7.59733,0
17.35,-4.6906,6.50158,0
17.36,-4.65183,6.06604,0
17.37,-4.86096,6.2804,0
17.38,-5.01478,6.93071,0
17.39,-4.85112,7.64412,0
17.4,-4.33241,8.37158,0
17.41,-3.92052,9.09817,0
17.42,-3.71506,9.55506,0
17.43,-3.54426,9.47753,0
17.44,-3.4578,9.08952,0
17.45,-3.35044,8.71187,0
17.46,-3.29666,8.58928,0
17.47,-3.18427,8.81702,0
17.48,-2.83425,9.24935,0
17.49,-2.18805,9.67309,0
17.5,-1.47403,9.92073,0
17.51,-0.848343,9.90975,0
17.52,-0.471545,9.49699,0
17.53,-0.327479,8.75732,0
17.54,-0.319207,7.98592,0
17.55,-0.197249,7.28284,0
17.56,0.0973656,6.8209,0
17.57,0.440943,6.70568,0
17.58,0.881958,6.90989,0
17.59,1.51767,7.20403,0
17.6,2.14524,7.36527,0
17.61,2.731,7.32365,0
17.62,3.27284,7.1994,0
17.63,3.58351,7.04535,0
17.64,4.04892,6.83036,0
17.65,4.15055,6.80486,0
17.66,4.26918,6.26021,0
17.67,4.66655,5.61299,0
17.68,5.0334,5.01641,0
17.69,5.37116,4.4449,0
17.7,5.53178,3.82305,0
17.71,5.49993,3.3084,0
17.72,5.40003,2.79428,0
17.73,5.3697,2.21793,0
17.74,5.17346,1.78665,0
17.75,4.8976,1.47797,0
17.76,4.85822,1.23592,0
17.77,5.17124,1.19595,0
17.78,5.64071,1.06585,0
17.79,5.81401,0.692614,0
17.8,5.62614,0.221723,0
17.81,5.22131,-0.302677,0
17.82,4.77928,-0.782075,0
17.83,4.29278,-1.1178,0
17.84,3.97006,-1.34153,0
17.85,3.80695,-1.42649,0
17.86,3.76286,-1.29145,0
17.87,3.76901,-1.1973,0
17.88,3.76841,-1.14444,0
17.89,3.55617,-1.06496,0
17.9,3.24514,-1.09319,0
17.91,2.99558,-1.20507,0
17.92,2.67057,-1.13782,0
17.93,2.44916,-0.999337,0
17.94,2.35177,-0.859139,0
17.95,2.28374,-0.617518,0
17.96,2.17441,-0.288215,0
17.97,2.09751,-0.0682526,0
17.98,1.85089,0.119218,0
17.99,1.48062,0.308857,0
18,1.15712,0.450139,0
18.01,1.05615,0.643319,0
18.02,1.10011,1.09428,0
18.03,1.19922,1.53671,0
18.04,1.36009,1.81388,0
18.05,1.30117,1.89797,0
18.06,1.17817,1.62301,0
18.07,0.79971,1.28477,0
18.08,0.038815,0.495495,0
18.09,-0.78114,-0.2733,0
18.1,-1.57735,-0.78593,0
18.11,-2.26852,-0.827616,0
18.12,-2.77249,-0.645029,0
18.13,-3.2695,-0.307043,0
18.14,-3.7565,-0.0353467,0
18.15,-4.23247,0.104624,0
18.16,-4.82019,0.165387,0
18.17,-5.58712,0.164539,0
18.18,-6.43655,0.0109207,0
18.19,-7.39195,-0.26586,0
18.2,-8.38423,-0.58203,0
18.21,-9.31049,-0.996421,0
18.22,-10.1579,-1.38905,0
18.23,-10.7861,-1.791,0
18.24,-11.3063,-2.2074,0
18.25,-11.9566,-2.76169,0
18.26,-12.7665,-3.38076,0
18.27,-13.5965,-4.03887,0
18.28,-14.3314,-4.75507,0
18.29,-14.9661,-5.28854,0
18.3,-15.6211,-5.87164,0
18.31,-16.1629,-6.62786,0
18.32,-16.5184,-7.43045,0
18.33,-16.8562,-8.33445,0
18.34,-17.168,-9.27723,0
18.35,-17.5763,-10.1545,0
18.36,-17.8512,-10.9971,0
18.37,-18.2853,-11.8012,0
18.38,-18.608,-12.6105,0
18.39,-18.8799,-13.2308,0
18.4,-18.8733,-14.4281,0
18.41,-18.8389,-15.5778,0
18.42,-18.7493,-16.7036,0
18.43,-18.647,-17.7694,0
18.44,-18.5306,-18.7827,0
18.45,-18.3169,-19.665,0
18.46,-17.9974,-20.5447,0
18.47,-17.4655,-21.4012,0
18.48,-16.732,-22.3809,0
18.49,-15.9663,-23.3465,0
18.5,-15.1874,-24.2896,0
18.51,-14.5174,-25.19,0
18.52,-13.9728,-26.1143,0
18.53,-13.5272,-26.9729,0
18.54,-13.0705,-27.7174,0
18.55,-12.4559,-28.2862,0
18.56,-11.6949,-28.8595,0
18.57,-10.7277,-29.2471,0
18.58,-9.53101,-29.6825,0
18.59,-8.09044,-30.0948,0
18.6,-6.75362,-30.3622,0
18.61,-5.57884,-30.5896,0
18.62,-4.46635,-30.7938,0
18.63,-3.41009,-31.2586,0
18.64,-2.35942,-31.7976,0
18.65,-1.40176,-32.2517,0
18.66,-0.478388,-32.6097,0
18.67,0.449557,-32.8047,0
18.68,1.50144,-32.8491,0
18.69,2.56216,-32.7319,0
18.7,3.63136,-32.5589,0
18.71,4.72429,-32.247,0
18.72,6.00758,-31.9673,0
18.73,7.46725,-31.7678,0
18.74,8.9975,-31.6635,0
18.75,10.4508,-31.632,0
18.76,11.8516,-31.7197,0
18.77,12.9361,-31.788,0
18.78,13.8111,-31.74,0
18.79,14.5783,-31.5084,0
18.8,15.449,-30.8945,0
18.81,16.4935,-29.9435,0
18.82,17.744,-28.7178,0
18.83,19.0394,-27.4214,0
18.84,20.2506,-26.3524,0
18.85,21.3363,-25.5485,0
18.86,22.3445,-25.1075,0
18.87,23.3003,-24.7274,0
18.88,24.1023,-24.3081,0
18.89,24.7299,-23.6171,0
18.9,25.2193,-22.8216,0
18.91,26.1193,-21.7021,0
18.92,27.0822,-20.1476,0
18.93,27.8431,-18.4094,0
18.94,28.4708,-16.6551,0
18.95,29.0642,-15.1207,0
18.96,29.5657,-13.9253,0
18.97,30.1541,-13.1451,0
18.98,30.6348,-12.5799,0
18.99,30.9248,-12.0676,0
19,31.1549,-11.4879,0
19.01,31.344,-10.6593,0
19.02,31.5702,-9.4709,0
19.03,31.8495,-7.95951,0
19.04,32.2534,-6.21462,0
19.05,32.5669,-4.38301,0
19.06,32.8077,-2.64664,0
19.07,32.9723,-1.23863,0
19.08,33.2543,-0.151939,0
19.09,33.5284,0.808566,0
19.1,33.6909,1.70802,0
19.11,33.5741,2.70385,0
19.12,33.2709,3.91034,0
19.13,32.9608,5.26796,0
19.14,32.8424,6.8394,0
19.15,32.7054,8.53808,0
19.16,32.5367,10.3392,0
19.17,32.2603,12.3957,0
19.18,31.7612,14.2814,0
19.19,31.0453,15.994,0
19.2,30.0385,17.8071,0
19.21,29.06,19.4421,0
19.22,27.8635,21.0995,0
19.23,26.591,22.7893,0
19.24,25.318,24.4431,0
19.25,23.8806,26.067,0
19.26,22.225,27.5937,0
19.27,20.503,29.0634,0
19.28,18.633,30.4639,0
19.29,16.7697,31.8053,0
19.3,14.9099,32.9199,0
19.31,12.8698,33.8289,0
19.32,10.7709,34.6237,0
19.33,8.54063,35.309,0
19.34,6.17008,35.8596,0
19.35,3.77443,36.3467,0
19.36,1.36352,36.7153,0
19.37,-0.989613,36.9788,0
19.38,-3.36184,37.1984,0
19.39,-5.65726,37.3355,0
19.4,-7.55433,37.1081,0
19.41,-9.20342,36.5329,0
19.42,-11.0325,35.7203,0
19.43,-12.8344,34.6177,0
19.44,-14.4914,33.3217,0
19.45,-15.9965,32.1657,0
19.46,-17.4063,31.1315,0
19.47,-18.5144,30.0049,0
19.48,-19.4174,28.8757,0
19.49,-20.2751,27.7295,0
19.5,-21.0436,26.4908,0
19.51,-21.7415,25.1881,0
19.52,-22.3938,23.7629,0
19.53,-22.9961,22.3522,0
19.54,-23.4326,20.9015,0
19.55,-23.7273,19.375,0
19.56,-23.8962,17.817,0
19.57,-23.9344,16.1631,0
19.58,-23.827,14.4592,0
19.59,-23.6637,12.7667,0
19.6,-23.4356,11.0812,0
19.61,-23.088,9.53351,0
19.62,-22.7685,8.11619,0
19.63,-22.4336,6.7274,0
19.64,-22.044,5.34912,0
19.65,-21.6354,4.06008,0
19.66,-21.2768,2.83638,0
19.67,-20.9153,1.70096,0
19.68,-20.6149,0.628292,0
19.69,-20.3442,-0.350065,0
19.7,-20.0004,-1.27852,0
19.71,-19.536,-2.12013,0
19.72,-18.9393,-2.97176,0
19.73,-18.2385,-3.81384,0
19.74,-17.4612,-4.68991,0
19.75,-16.7608,-5.55411,0
19.76,-16.1169,-6.34926,0
19.77,-15.4353,-7.01842,0
19.78,-14.7502,-7.57402,0
19.79,-14.0134,-8.06547,0
19.8,-13.2206,-8.44819,0
19.81,-12.4011,-8.7665,0
19.82,-11.5515,-9.05406,0
19.83,-10.6706,-9.35452,0
19.84,-9.76778,-9.57187,0
19.85,-8.87053,-9.78426,0
19.86,-7.97496,-9.96432,0
19.87,-7.02484,-10.1609,0
19.88,-6.09248,-10.3604,0
19.89,-5.12755,-10.4772,0
19.9,-4.04003,-10.5963,0
19.91,-2.92608,-10.7122,0
19.92,-1.87802,-10.8799,0
19.93,-0.897752,-11.0038,0
19.94,0.0851797,-11.121,0
19.95,1.0309,-11.2586,0
19.96,2.23151,-11.3873,0
19.97,3.36873,-11.4938,0
19.98,4.43456,-11.593,0
19.99,5.46004,-11.6311,0
20,6.38953,-11.6741,0
20.01,7.8459,-11.5849,0
20.02,9.20545,-11.4969,0
20.03,10.4244,-11.4095,0
20.04,11.5251,-11.2861,0
20.05,12.5653,-11.1776,0
20.06,13.506,-11.0766,0
20.07,14.4014,-10.9499,0
20.08,15.2736,-10.806,0
20.09,16.1935,-10.631,0
20.1,17.0673,-10.4388,0
20.11,17.9349,-10.1785,0
20.12,18.8014,-9.9106,0
20.13,19.7253,-9.59334,0
20.14,20.6516,-9.22282,0
20.15,21.4827,-8.78073,0
20.16,22.2273,-8.37118,0
20.17,22.9249,-8.04042,0
20.18,23.6945,-7.77095,0
20.19,24.431,-7.56748,0
20.2,25.1157,-7.42089,0
20.21,25.8117,-7.36263,0
20.22,26.4734,-7.32236,0
20.23,27.0232,-7.29549,0
20.24,27.4475,-7.1696,0
20.25,27.8336,-7.02353,0
20.26,28.2076,-6.92888,0
20.27,28.609,-6.81943,0
20.28,28.9259,-6.70694,0
20.29,29.1827,-6.58579,0
20.3,29.2833,-6.51633,0
20.31,29.2815,-6.5481,0
20.32,29.1823,-6.70086,0
20.33,29.0114,-6.8548,0
20.34,28.7785,-6.98568,0
20.35,28.5496,-7.04197,0
20.36,28.3227,-7.00444,0
20.37,28.1627,-6.8482,0
20.38,27.9364,-6.66096,0
20.39,27.575,-6.52869,0
20.4,27.1423,-6.53305,0
20.41,26.5687,-6.62904,0
20.42,25.9626,-6.79944,0
20.43,25.3009,-6.96045,0
20.44,24.6346,-7.07216,0
20.45,23.9742,-7.11473,0
20.46,23.2874,-7.1161,0
20.47,22.547,-7.08727,0
20.48,21.8055,-7.05403,0
20.49,21.0709,-7.04304,0
20.5,20.2665,-6.99909,0
20.51,19.4374,-6.9542,0
20.52,18.5635,-6.94348,0
20.53,17.6466,-6.90024,0
20.54,16.6753,-6.85619,0
20.55,15.6496,-6.79265,0
20.56,14.6534,-6.67316,0
20.57,13.6785,-6.58164,0
20.58,12.6958,-6.46865,0
20.59,11.8317,-6.35584,0
20.6,11.016,-6.23198,0
20.61,10.1487,-6.13061,0
20.62,9.23398,-5.94907,0
20.63,8.24309,-5.69301,0
20.64,7.18367,-5.40331,0
20.65,6.1652,-5.08765,0
20.66,5.1572,-4.74608,0
20.67,4.07561,-4.39125,0
20.68,3.09513,-4.05055,0
20.69,2.23549,-3.71422,0
20.7,1.4111,-3.37424,0
20.71,0.580582,-3.04321,0
20.72,-0.277337,-2.69874,0
20.73,-1.06716,-2.30098,0
20.74,-1.78551,-1.92083,0
20.75,-2.38857,-1.58892,0
20.76,-2.83328,-1.35009,0
20.77,-3.2544,-1.14649,0
20.78,-3.62491,-1.03509,0
20.79,-3.88971,-0.824357,0
20.8,-4.12672,-0.558258,0
20.81,-4.35066,-0.273823,0
20.82,-4.56191,-0.0347385,0
20.83,-4.83966,0.180007,0
20.84,-5.04954,0.376686,0
20.85,-5.25692,0.592501,0
20.86,-5.37082,0.84443,0
20.87,-5.41867,1.07002,0
20.88,-5.38848,1.27313,0
20.89,-5.28593,1.40666,0
20.9,-5.12658,1.50348,0
20.91,-4.85582,1.55694,0
20.92,-4.57042,1.45291,0
20.93,-4.34181,1.27866,0
20.94,-4.18372,1.16584,0
20.95,-4.01026,1.06645,0
20.96,-3.84405,1.18937,0
20.97,-3.5585,1.20601,0
20.98,-3.19142,1.15141,0
20.99,-2.84416,1.06552,0
21,-2.47243,0.992322,0
21.01,-2.11446,0.9304,0
21.02,-1.70347,0.846438,0
21.03,-1.35214,0.795825,0
21.04,-1.14681,0.816853,0
21.05,-1.05196,0.71565,0
21.06,-0.869666,0.497148,0
21.07,-0.523773,0.242836,0
21.08,-0.298623,0.0462942,0
21.09,-0.212939,-0.00672863,0
21.1,-0.195647,0.0121353,0
21.11,-0.0827509,-0.132597,0
21.12,0.171374,-0.659449,0
21.13,0.550706,-1.48993,0
21.14,0.933656,-2.40575,0
21.15,1.35243,-3.2658,0
21.16,1.76859,-3.88179,0
21.17,2.04107,-4.27583,0
21.18,2.15679,-4.27098,0
21.19,2.05161,-3.70615,0
21.2,1.62177,-2.66933,0
21.21,0.971446,-1.3635,0
21.22,0.451401,-0.476289,0
21.23,0.0893916,-0.0695254,0
21.24,-0.299483,0.275207,0
21.25,-0.773915,0.706154,0
21.26,-1.35143,1.33903,0
21.27,-1.93702,2.08069,0
21.28,-2.33809,2.58056,0
21.29,-2.46658,2.62906,0
21.3,-2.34746,2.79374,0
21.31,-2.11188,3.15958,0
21.32,-2.05864,3.37823,0
21.33,-2.16579,3.36595,0
21.34,-2.24083,3.15429,0
21.35,-2.09784,2.48672,0
21.36,-1.72416,1.66874,0
21.37,-1.47071,1.18968,0
21.38,-1.36929,1.11317,0
21.39,-1.49634,1.2257,0
21.4,-1.81653,1.18485,0
21.41,-2.14471,0.927483,0
21.42,-2.61557,1.12984,0
21.43,-3.0351,1.65207,0
21.44,-3.32043,2.04213,0
21.45,-3.19181,1.57746,0
21.46,-3.11083,1.13858,0
21.47,-3.0822,0.788111,0
21.48,-3.05633,0.48385,0
21.49,-3.07856,0.225479,0
21.5,-3.16062,0.155784,0
21.51,-3.36146,0.250779,0
21.52,-3.54158,0.55814,0
21.53,-3.68485,0.931023,0
21.54,-3.8208,1.08048,0
21.55,-4.03114,1.26652,0
21.56,-4.02876,1.44157,0
21.57,-3.93848,1.40062,0
21.58,-3.91563,1.25668,0
21.59,-3.79511,1.04668,0
21.6,-3.83076,0.67494,0
21.61,-4.01388,0.40819,0
21.62,-4.28332,0.842445,0
21.63,-4.44803,1.70356,0
21.64,-4.39846,2.39869,0
21.65,-4.41668,2.90201,0
21.66,-4.6654,3.11875,0
21.67,-4.83975,3.05113,0
21.68,-4.92663,2.6811,0
21.69,-4.88674,1.90521,0
21.7,-4.85053,1.35491,0
21.71,-4.68056,1.06939,0
21.72,-4.3808,1.19265,0
21.73,-4.23968,1.98988,0
21.74,-4.21791,2.72389,0
21.75,-4.41971,3.29114,0
21.76,-4.52164,3.56742,0
21.77,-4.5647,3.35249,0
21.78,-4.35351,3.02458,0
21.79,-4.25618,2.62902,0
21.8,-4.13543,2.51306,0
21.81,-4.09285,2.82681,0
21.82,-3.84029,3.04491,0
21.83,-3.82916,3.3586,0
21.84,-4.31331,3.719,0
21.85,-4.67321,3.90696,0
21.86,-4.76168,3.40355,0
21.87,-4.78252,2.90245,0
21.88,-4.84864,2.58681,0
21.89,-4.81458,2.30309,0
21.9,-4.83364,2.10728,0
21.91,-4.81765,2.04164,0
21.92,-4.50721,1.68356,0
21.93,-4.37321,1.38686,0
21.94,-4.58097,1.5302,0
21.95,-4.8059,1.7788,0
21.96,-4.94288,2.06339,0
21.97,-4.93434,2.00185,0
21.98,-5.07361,1.79959,0
21.99,-5.26605,1.64763,0
22,-5.39402,1.72754,0
22.01,-5.29118,1.83555,0
22.02,-4.94503,1.70687,0
22.03,-4.6016,1.20204,0
22.04,-4.63578,0.395038,0
22.05,-5.00851,0.509772,0
22.06,-5.17706,0.751235,0
22.07,-5.16854,0.810481,0
22.08,-5.10498,0.985616,0
22.09,-5.14692,1.04417,0
22.1,-5.93485,0.857918,0
22.11,-5.43924,1.0452,0
22.12,-5.05043,0.815491,0
22.13,-4.97711,0.74361,0
22.14,-5.28975,0.348897,0
22.15,-5.77502,0.215859,0
22.16,-5.72684,0.0323036,0
22.17,-5.77471,-0.0194781,0
22.18,-5.76343,-0.0678453,0
22.19,-5.56469,-0.108799,0
22.2,-5.59805,0.0572829,0
22.21,-5.75297,0.0539513,0
22.22,-5.85173,-0.0092874,0
22.23,-5.88683,-0.021873,0
22.24,-5.85487,0.0407861,0
22.25,-5.80979,-0.116952,0
22.26,-5.76001,-0.223037,0
22.27,-5.70237,-0.333486,0
22.28,-5.7242,-0.376282,0
22.29,-5.50601,-0.216942,0
22.3,-5.16388,0.0582548,0
22.31,-4.76826,0.414823,0
22.32,-4.28179,0.712999,0
22.33,-3.933,0.698518,0
22.34,-3.68178,0.714461,0
22.35,-3.60731,0.686332,0
22.36,-3.53589,0.73476,0
22.37,-3.62936,0.746004,0
22.38,-3.84078,0.923605,0
22.39,-4.2859,1.07066,0
22.4,-1.26939,-1.1811,0
22.41,-1.11168,-0.837895,0
22.42,-1.45883,-0.685131,0
22.43,-1.51219,-0.414047,0
22.44,-1.23306,-0.631424,0
22.45,-1.17852,-0.589219,0
22.46,-1.19992,-0.447483,0
22.47,-1.12122,-0.383748,0
22.48,-1.05066,-0.329395,0
22.49,-1.01534,-0.232937,0
22.5,-0.953566,-0.185758,0
22.51,-0.889965,-0.160779,0
22.52,-0.875119,-0.106732,0
22.53,-0.830169,-0.0667371,0
22.54,-0.799199,-0.0529961,0
22.55,-0.76054,0.00953227,0
22.56,-0.69989,0.116294,0
22.57,-0.657608,0.254272,0
22.58,-0.503362,-0.0512191,0
22.59,-0.516607,-0.0793805,0
22.6,-0.503574,0.072796,0
22.61,-0.424107,-0.0766291,0
22.62,-0.397787,-0.0917543,0
22.63,-0.37155,-0.0379397,0
22.64,-0.340487,-0.106888,0
22.65,-0.321132,-0.133559,0
22.66,-0.295711,-0.0745241,0
22.67,-0.260112,-0.0899365,0
22.68,-0.238686,-0.108395,0
22.69,-0.213043,-0.0891628,0
22.7,-0.18697,-0.101647,0
22.71,-0.183915,-0.14819,0
22.72,-0.159841,-0.141384,0
22.73,-0.152692,-0.140673,0
22.74,-0.14242,-0.155745,0
22.75,-0.136412,-0.165683,0
22.76,-0.142556,-0.190322,0
22.77,-0.123244,-0.167237,0
22.78,-0.0838297,-0.120267,0
22.79,-0.0624202,-0.115233,0
22.8,-0.0425442,-0.139738,0
22.81,-0.00665301,-0.150879,0
22.82,-0.000359468,-0.168952,0
22.83,0.0111805,-0.168418,0
22.84,0.00812931,-0.152384,0
22.85,-0.0158001,-0.1861,0
22.86,0.0219833,-0.170932,0
22.87,0.0474409,-0.180028,0
22.88,0.0674762,-0.176639,0
22.89,0.0743678,-0.179663,0
22.9,0.0632501,-0.19217,0
22.91,0.0565361,-0.211433,0
22.92,0.0544018,-0.186748,0
22.93,0.0483482,-0.214326,0
22.94,0.0426943,-0.224427,0
22.95,0.0512765,-0.245145,0
22.96,0.071109,-0.251079,0
22.97,0.0638628,-0.246787,0
22.98,0.0611727,-0.265927,0
22.99,0.064421,-0.280231,0
23,0.0756165,-0.278075,0
23.01,0.0897116,-0.295252,0
23.02,0.0950309,-0.303354,0
23.03,0.107737,-0.30313,0
23.04,0.111852,-0.316969,0
23.05,0.113539,-0.329561,0
23.06,0.113089,-0.315606,0
23.07,0.0992565,-0.295055,0
23.08,0.0920467,-0.297404,0
23.09,0.0952073,-0.285888,0
23.1,0.0960627,-0.298749,0
23.11,0.100938,-0.296794,0
23.12,0.105482,-0.314623,0
23.13,0.123523,-0.328948,0
23.14,0.126486,-0.342477,0
23.15,0.111689,-0.353462,0
23.16,0.0860999,-0.36175,0
23.17,0.111279,-0.357388,0
23.18,0.105299,-0.343621,0
23.19,0.0919803,-0.348426,0
23.2,0.0796215,-0.360812,0
23.21,0.10735,-0.350896,0
23.22,0.115524,-0.335457,0
23.23,0.109217,-0.317413,0
23.24,0.117305,-0.308541,0
23.25,0.124819,-0.300256,0
23.26,0.110163,-0.302472,0
23.27,0.104302,-0.280794,0
23.28,0.0713635,-0.27031,0
23.29,0.0800469,-0.249122,0
23.3,0.0917927,-0.237154,0
23.31,0.102763,-0.235965,0
23.32,0.116932,-0.265684,0
23.33,0.0966589,-0.274342,0
23.34,0.113418,-0.270536,0
23.35,0.128959,-0.259105,0
23.36,0.131588,-0.266179,0
23.37,0.114352,-0.255097,0
23.38,0.110171,-0.264382,0
23.39,0.125985,-0.245292,0
23.4,0.130802,-0.2356,0
23.41,0.129151,-0.267531,0
23.42,0.141527,-0.257936,0
23.43,0.127633,-0.245267,0
23.44,0.136061,-0.243448,0
23.45,0.143837,-0.237557,0
23.46,0.1454,-0.238313,0
23.47,0.168533,-0.215294,0
23.48,0.178115,-0.197889,0
23.49,0.155524,-0.18741,0
23.5,0.138598,-0.210737,0
23.51,0.120897,-0.246428,0
23.52,0.119966,-0.244503,0
23.53,0.107652,-0.238611,0
23.54,0.104019,-0.22549,0
23.55,0.106352,-0.223068,0
23.56,0.122354,-0.19122,0
23.57,0.137322,-0.161727,0
23.58,0.145035,-0.177561,0
23.59,0.150693,-0.164606,0
23.6,0.153811,-0.170448,0
23.61,0.144865,-0.179596,0
23.62,0.154084,-0.168383,0
23.63,0.140993,-0.165763,0
23.64,0.136999,-0.189098,0
23.65,0.14476,-0.196911,0
23.66,0.132334,-0.221766,0
23.67,0.105244,-0.219543,0
23.68,0.0939723,-0.225281,0
23.69,0.103193,-0.21518,0
23.7,0.0899343,-0.225149,0
23.71,0.0854269,-0.214856,0
23.72,0.0755399,-0.213158,0
23.73,0.058101,-0.217134,0
23.74,0.0615432,-0.211046,0
23.75,0.0647756,-0.22718,0
23.76,0.0522652,-0.232519,0
23.77,0.0561242,-0.20612,0
23.78,0.0519488,-0.252045,0
23.79,0.0443498,-0.259364,0
23.8,0.0606258,-0.262207,0
23.81,0.0897048,-0.269068,0
23.82,0.0929922,-0.255711,0
23.83,0.111995,-0.284179,0
23.84,0.131282,-0.283205,0
23.85,0.118197,-0.286536,0
23.86,0.111689,-0.301335,0
23.87,0.115456,-0.293433,0
23.88,0.124655,-0.295839,0
23.89,0.141454,-0.280672,0
23.9,0.158669,-0.323282,0
23.91,0.147277,-0.308106,0
23.92,0.131033,-0.297817,0
23.93,0.12379,-0.296261,0
23.94,0.126778,-0.292964,0
23.95,0.113965,-0.297571,0
23.96,0.107709,-0.29757,0
23.97,0.0999485,-0.284347,0
23.98,0.11847,-0.305105,0
23.99,0.141381,-0.296928,0
24,0.16061,-0.281523,0
24.01,0.156866,-0.27095,0
24.02,0.130043,-0.307977,0
24.03,0.124866,-0.292111,0
24.04,0.131797,-0.279151,0
24.05,0.112524,-0.263072,0
24.06,0.116258,-0.257924,0
24.07,0.125534,-0.2533,0
24.08,0.153745,-0.256655,0
24.09,0.144755,-0.257633,0
24.1,0.132281,-0.297732,0
24.11,0.128977,-0.302166,0
24.12,0.145452,-0.309785,0
24.13,0.135028,-0.323048,0
24.14,0.144969,-0.319442,0
24.15,0.146494,-0.32438,0
24.16,0.120478,-0.315029,0
24.17,0.119555,-0.274695,0
24.18,0.105239,-0.25121,0
24.19,0.117285,-0.262482,0
24.2,0.110834,-0.2712,0
24.21,0.112572,-0.263259,0
24.22,0.124022,-0.255944,0
24.23,0.132687,-0.268896,0
24.24,0.127279,-0.290805,0
24.25,0.124206,-0.306892,0
24.26,0.134982,-0.302971,0
24.27,0.149084,-0.297223,0
24.28,0.13839,-0.277799,0
24.29,0.152172,-0.267502,0
24.3,0.143319,-0.254274,0
24.31,0.14487,-0.257456,0
24.32,0.144342,-0.256865,0
24.33,0.140114,-0.257855,0
24.34,0.14206,-0.275021,0
24.35,0.13797,-0.30049,0
24.36,0.130094,-0.284914,0
24.37,0.118666,-0.288001,0
24.38,0.104373,-0.300719,0
24.39,0.0869856,-0.298615,0
24.4,0.0847654,-0.269375,0
24.41,0.100351,-0.259901,0
24.42,0.10293,-0.266921,0
24.43,0.0995118,-0.296559,0
24.44,0.0984126,-0.288997,0
24.45,0.108865,-0.305338,0
24.46,0.103075,-0.303055,0
24.47,0.0996896,-0.29302,0
24.48,0.0867317,-0.270218,0
24.49,0.0902092,-0.256726,0
24.5,0.0974811,-0.267359,0
24.51,0.112075,-0.279476,0
24.52,0.115841,-0.269091,0
24.53,0.111635,-0.296782,0
24.54,0.119499,-0.281441,0
24.55,0.110885,-0.300345,0
24.56,0.108985,-0.288426,0
24.57,0.101081,-0.258122,0
24.58,0.0937415,-0.270827,0
24.59,0.1143,-0.286754,0
24.6,0.115874,-0.287731,0
24.61,0.0998102,-0.285091,0
24.62,0.0987689,-0.308013,0
24.63,0.0915723,-0.311458,0
24.64,0.0987589,-0.308454,0
24.65,0.113279,-0.307937,0
24.66,0.0895877,-0.307456,0
24.67,0.0970018,-0.305017,0
24.68,0.101814,-0.304666,0
24.69,0.114056,-0.312107,0
24.7,0.0980192,-0.31525,0
24.71,0.0888816,-0.30076,0
24.72,0.0983306,-0.287171,0
24.73,0.105083,-0.288052,0
24.74,0.0799309,-0.273441,0
24.75,0.0900135,-0.277318,0
24.76,0.0953346,-0.28674,0
24.77,0.102308,-0.295444,0
24.78,0.0871846,-0.292268,0
24.79,0.0710013,-0.296839,0
24.8,0.0854171,-0.287312,0
24.81,0.0734928,-0.28464,0
24.82,0.0778904,-0.258261,0
24.83,0.0742152,-0.267265,0
24.84,0.0749721,-0.267774,0
24.85,0.0617598,-0.276444,0
24.86,0.0846105,-0.289988,0
24.87,0.0943733,-0.263225,0
24.88,0.0855029,-0.275757,0
24.89,0.0890468,-0.2479,0
24.9,0.084587,-0.229836,0
24.91,0.0882531,-0.23892,0
24.92,0.0896668,-0.261015,0
24.93,0.108988,-0.270075,0
24.94,0.122781,-0.258638,0
24.95,0.121734,-0.267766,0
24.96,0.0933221,-0.284038,0
24.97,0.102592,-0.277648,0
24.98,0.111157,-0.277265,0
24.99,0.0896294,-0.283116,0
25,0.089233,-0.284303,0
25.01,0.0708434,-0.29937,0
25.02,0.0717323,-0.283711,0
25.03,0.0627669,-0.292634,0
25.04,0.0798298,-0.253919,0
25.05,0.0760233,-0.216206,0
25.06,0.0998989,-0.188919,0
25.07,0.110284,-0.200887,0
25.08,0.10235,-0.186242,0
25.09,0.124433,-0.182412,0
25.1,0.127365,-0.180898,0
25.11,0.124376,-0.177466,0
25.12,0.129358,-0.174243,0
25.13,0.133986,-0.18107,0
25.14,0.12644,-0.183776,0
25.15,0.144814,-0.186275,0
25.16,0.140518,-0.1844,0
25.17,0.134575,-0.175005,0
25.18,0.144545,-0.203454,0
25.19,0.159996,-0.18858,0
25.2,0.170258,-0.198494,0
25.21,0.191739,-0.229495,0
25.22,0.187885,-0.209079,0
25.23,0.16458,-0.221565,0
25.24,0.152718,-0.224933,0
25.25,0.136029,-0.240022,0
25.26,0.132437,-0.236563,0
25.27,0.132654,-0.22903,0
25.28,0.115335,-0.236052,0
25.29,0.118948,-0.213291,0
25.3,0.130035,-0.209613,0
25.31,0.0834985,-0.212455,0
25.32,0.0774676,-0.236444,0
25.33,0.0816364,-0.23319,0
25.34,0.0973897,-0.228089,0
25.35,0.116052,-0.250623,0
25.36,0.109813,-0.246549,0
25.37,0.0862906,-0.230655,0
25.38,0.0976259,-0.22207,0
25.39,0.0708871,-0.225582,0
25.4,0.0578798,-0.244748,0
25.41,0.0613772,-0.246683,0
25.42,0.0706961,-0.242463,0
25.43,0.0752974,-0.287781,0
25.44,0.0796058,-0.276831,0
25.45,0.0660267,-0.241316,0
25.46,0.065279,-0.210363,0
25.47,0.0624666,-0.259919,0
25.48,0.0521365,-0.24321,0
25.49,0.0543901,-0.21412,0
25.5,0.0523977,-0.204686,0
25.51,0.0448063,-0.203676,0
25.52,0.0295463,-0.208435,0
25.53,0.0194591,-0.212955,0
25.54,0.019899,-0.193713,0
25.55,0.0223696,-0.199288,0
25.56,0.012764,-0.184626,0
25.57,-0.00804265,-0.208292,0
25.58,0.00989019,-0.199218,0
25.59,0.0110005,-0.186682,0
25.6,0.0198114,-0.155317,0
25.61,0.0222749,-0.169611,0
25.62,0.028259,-0.184997,0
25.63,0.047735,-0.19102,0
25.64,0.0601363,-0.20655,0
25.65,0.0634781,-0.203375,0
25.66,0.0431895,-0.188375,0
25.67,0.0558521,-0.213712,0
25.68,0.0754166,-0.207895,0
25.69,0.0817955,-0.212442,0
25.7,0.0639666,-0.212938,0
25.71,0.065381,-0.191651,0
25.72,0.0507225,-0.185744,0
25.73,0.0841717,-0.191747,0
25.74,0.0878512,-0.211233,0
25.75,0.0757655,-0.227438,0
25.76,0.0898345,-0.201378,0
25.77,0.0911146,-0.216201,0
25.78,0.0885162,-0.21009,0
25.79,0.0841106,-0.20454,0
25.8,0.0898659,-0.213369,0
25.81,0.112768,-0.21166,0
25.82,0.116513,-0.214242,0
25.83,0.0847572,-0.220214,0
25.84,0.0806357,-0.198463,0
25.85,0.0923374,-0.195795,0
25.86,0.0799031,-0.189638,0
25.87,0.0605776,-0.191725,0
25.88,0.0442296,-0.183825,0
25.89,0.0470142,-0.211596,0
25.9,0.0398209,-0.206097,0
25.91,0.0367908,-0.193094,0
25.92,0.0597574,-0.178915,0
25.93,0.0750141,-0.191631,0
25.94,0.091227,-0.213214,0
25.95,0.0886535,-0.231137,0
25.96,0.0646155,-0.228303,0
25.97,0.0520707,-0.210065,0
25.98,0.0641414,-0.251603,0
25.99,0.0909433,-0.23173,0
26,0.0982652,-0.25216,0
26.01,0.103038,-0.253577,0
26.02,0.0976288,-0.253213,0
26.03,0.0925443,-0.242903,0
26.04,0.0801172,-0.231484,0
26.05,0.109484,-0.226514,0
26.06,0.0958298,-0.204262,0
26.07,0.108517,-0.199124,0
26.08,0.1125,-0.188558,0
26.09,0.0986026,-0.192636,0
26.1,0.0894223,-0.192448,0
26.11,0.0849358,-0.178281,0
26.12,0.0926904,-0.16155,0
26.13,0.0760881,-0.180994,0
26.14,0.0746055,-0.144377,0
26.15,0.0752171,-0.127815,0
26.16,0.0835978,-0.157453,0
26.17,0.0934733,-0.181413,0
26.18,0.0907836,-0.179952,0
26.19,0.090357,-0.184789,0
26.2,0.078059,-0.187163,0
26.21,0.0997849,-0.19148,0
26.22,0.0827373,-0.201172,0
26.23,0.0865068,-0.196241,0
26.24,0.109619,-0.176072,0
26.25,0.0881716,-0.182667,0
26.26,0.0523328,-0.195032,0
26.27,0.0463963,-0.222113,0
26.28,0.0527452,-0.196617,0
26.29,0.0467896,-0.211804,0
26.3,0.0608816,-0.194722,0
26.31,0.0760557,-0.188706,0
26.32,0.0942779,-0.176968,0
26.33,0.0952238,-0.181981,0
26.34,0.0924403,-0.210059,0
26.35,0.0799595,-0.210636,0
26.36,0.0703977,-0.223021,0
26.37,0.0672292,-0.206638,0
26.38,0.0565226,-0.209457,0
26.39,0.0662003,-0.225553,0
26.4,0.0691612,-0.228987,0
26.41,0.0780034,-0.230359,0
26.42,0.0624474,-0.223338,0
26.43,0.0656069,-0.205427,0
26.44,0.0509492,-0.194514,0
26.45,0.0434516,-0.215862,0
26.46,0.0381204,-0.229597,0
26.47,0.0527786,-0.222587,0
26.48,0.0586752,-0.179012,0
26.49,0.0543193,-0.154374,0
26.5,0.0740218,-0.139277,0
26.51,0.0648996,-0.146871,0
26.52,0.0760455,-0.181314,0
26.53,0.0569827,-0.205231,0
26.54,0.0801131,-0.204016,0
26.55,0.0722155,-0.208723,0
26.56,0.0787865,-0.201687,0
26.57,0.0652481,-0.222483,0
26.58,0.0821357,-0.214522,0
26.59,0.0740655,-0.218412,0
26.6,0.0706585,-0.247795,0
26.61,0.0695778,-0.241745,0
26.62,0.097958,-0.235961,0
26.63,0.0809839,-0.217005,0
26.64,0.100851,-0.207404,0
26.65,0.0898781,-0.20412,0
26.66,0.0911253,-0.18351,0
26.67,0.0864964,-0.179735,0
26.68,0.0863355,-0.200041,0
26.69,0.113557,-0.201345,0
26.7,0.078006,-0.200557,0
26.71,0.0980828,-0.199843,0
26.72,0.09096,-0.208902,0
26.73,0.0983158,-0.217504,0
26.74,0.103062,-0.217616,0
26.75,0.121339,-0.227446,0
26.76,0.128535,-0.19532,0
26.77,0.107498,-0.183165,0
26.78,0.105885,-0.175874,0
26.79,0.110108,-0.192412,0
26.8,0.129605,-0.188165,0
26.81,0.137912,-0.194034,0
26.82,0.155506,-0.166363,0
26.83,0.166023,-0.181865,0
26.84,0.173888,-0.211993,0
26.85,0.188925,-0.218234,0
26.86,0.167659,-0.183051,0
26.87,0.14784,-0.179363,0
26.88,0.147067,-0.180084,0
26.89,0.164091,-0.18664,0
26.9,0.148657,-0.210207,0
26.91,0.142116,-0.189133,0
26.92,0.157687,-0.201005,0
26.93,0.142722,-0.194496,0
26.94,0.136531,-0.180174,0
26.95,0.123055,-0.168987,0
26.96,0.126045,-0.164673,0
26.97,0.140697,-0.158615,0
26.98,0.152261,-0.152974,0
26.99,0.139268,-0.180862,0
27,0.145278,-0.179487,0
27.01,0.132775,-0.180144,0
27.02,0.140804,-0.190591,0
27.03,0.138452,-0.188443,0
27.04,0.128481,-0.208098,0
27.05,0.154492,-0.18154,0
27.06,0.160991,-0.191882,0
27.07,0.15925,-0.191668,0
27.08,0.175255,-0.173931,0
27.09,0.170446,-0.176997,0
27.1,0.158207,-0.189647,0
27.11,0.160816,-0.197433,0
27.12,0.173071,-0.187118,0
27.13,0.154957,-0.173348,0
27.14,0.143883,-0.180218,0
27.15,0.16093,-0.166938,0
27.16,0.16905,-0.176288,0
27.17,0.170902,-0.173153,0
27.18,0.18234,-0.160335,0
27.19,0.1658,-0.154741,0
27.2,0.146198,-0.147382,0
27.21,0.135722,-0.162205,0
27.22,0.120214,-0.156305,0
27.23,0.105934,-0.14487,0
27.24,0.114156,-0.145854,0
27.25,0.107986,-0.154674,0
27.26,0.104275,-0.157122,0
27.27,0.0910059,-0.15163,0
27.28,0.11184,-0.168252,0
27.29,0.111565,-0.169786,0
27.3,0.125168,-0.173171,0
27.31,0.127985,-0.158718,0
27.32,0.146177,-0.158815,0
27.33,0.129976,-0.178565,0
27.34,0.120615,-0.179311,0
27.35,0.123831,-0.172315,0
27.36,0.116965,-0.181304,0
27.37,0.118354,-0.205213,0
27.38,0.115983,-0.23158,0
27.39,0.131407,-0.220953,0
27.4,0.128053,-0.22441,0
27.41,0.132759,-0.19251,0
27.42,0.137019,-0.174563,0
27.43,0.133288,-0.17966,0
27.44,0.115978,-0.205751,0
27.45,0.115375,-0.198873,0
27.46,0.0915732,-0.182796,0
27.47,0.0889593,-0.161495,0
27.48,0.0845362,-0.163465,0
27.49,0.0861427,-0.13216,0
27.5,0.0937517,-0.120608,0
27.51,0.0968035,-0.139398,0
27.52,0.0841242,-0.137296,0
27.53,0.0878407,-0.125444,0
27.54,0.0716363,-0.163162,0
27.55,0.0626727,-0.164985,0
27.56,0.0445053,-0.168692,0
27.57,0.041172,-0.168228,0
27.58,0.0359965,-0.167694,0
27.59,0.0569957,-0.181142,0
27.6,0.0703573,-0.181702,0
27.61,0.0533142,-0.186381,0
27.62,0.0731321,-0.153525,0
27.63,0.0837451,-0.160161,0
27.64,0.0895561,-0.187723,0
27.65,0.0850549,-0.203372,0
27.66,0.100538,-0.227753,0
27.67,0.119038,-0.225053,0
27.68,0.116589,-0.224607,0
27.69,0.100443,-0.226356,0
27.7,0.120578,-0.208169,0
27.71,0.10816,-0.189193,0
27.72,0.116363,-0.187268,0
27.73,0.10437,-0.189646,0
27.74,0.0967516,-0.157996,0
27.75,0.0876355,-0.154402,0
27.76,0.0812429,-0.156849,0
27.77,0.0618127,-0.163267,0
27.78,0.0551941,-0.170852,0
27.79,0.0649965,-0.187707,0
27.8,0.0679434,-0.162382,0
27.81,0.0825428,-0.176071,0
27.82,0.0687582,-0.153722,0
27.83,0.0600198,-0.164002,0
27.84,0.059613,-0.157886,0
27.85,0.0339583,-0.152388,0
27.86,0.0215219,-0.145157,0
27.87,0.0218204,-0.173651,0
27.88,0.0278234,-0.139626,0
27.89,0.0276939,-0.131346,0
27.9,0.0296025,-0.10023,0
27.91,0.0350696,-0.116341,0
27.92,0.0581232,-0.103808,0
27.93,0.0284405,-0.113891,0
27.94,0.0380467,-0.142428,0
27.95,0.0273776,-0.143716,0
27.96,0.0174493,-0.152682,0
27.97,0.023749,-0.155227,0
27.98,0.0435306,-0.16177,0
27.99,0.0500632,-0.17765,0
28,0.0442609,-0.176414,0
28.01,0.0548186,-0.183037,0
28.02,0.0568214,-0.189052,0
28.03,0.0665323,-0.189185,0
28.04,0.0616146,-0.198971,0
28.05,0.066896,-0.180802,0
28.06,0.0599383,-0.189232,0
28.07,0.0477083,-0.206776,0
28.08,0.0658014,-0.203533,0
28.09,0.0650253,-0.208232,0
28.1,0.0679996,-0.22451,0
28.11,0.0768837,-0.172961,0
28.12,0.0810943,-0.170081,0
28.13,0.0555341,-0.153834,0
28.14,0.0751224,-0.156339,0
28.15,0.0872106,-0.16849,0
28.16,0.108245,-0.160123,0
28.17,0.11639,-0.160161,0
28.18,0.143088,-0.136783,0
28.19,0.140592,-0.142509,0
28.2,0.120715,-0.163395,0
28.21,0.11823,-0.169418,0
28.22,0.097876,-0.155333,0
28.23,0.0830171,-0.155711,0
28.24,0.0987194,-0.183588,0
28.25,0.0816859,-0.193736,0
28.26,0.083479,-0.175809,0
28.27,0.104812,-0.196427,0
28.28,0.0837543,-0.196021,0
28.29,0.0895258,-0.181676,0
28.3,0.0576109,-0.172357,0
28.31,0.0709217,-0.171498,0
28.32,0.0817058,-0.172841,0
28.33,0.0700009,-0.179732,0
28.34,0.0689577,-0.184546,0
28.35,0.0737043,-0.182845,0
28.36,0.0625696,-0.175551,0
28.37,0.054248,-0.208018,0
28.38,0.0268779,-0.21084,0
28.39,0.0308841,-0.209315,0
28.4,0.0325839,-0.180603,0
28.41,0.0321028,-0.204567,0
28.42,0.0336964,-0.191612,0
28.43,0.0331555,-0.176013,0
28.44,0.0326419,-0.167175,0
28.45,0.0280639,-0.188422,0
28.46,0.0221564,-0.192519,0
28.47,0.0183213,-0.188315,0
28.48,0.0307297,-0.176605,0
28.49,0.0184962,-0.195117,0
28.5,0.0190048,-0.173043,0
28.51,0.035047,-0.148831,0
28.52,0.0384919,-0.149649,0
28.53,0.0433224,-0.150368,0
28.54,0.0478087,-0.16863,0
28.55,0.0580973,-0.154445,0
28.56,0.0734079,-0.154827,0
28.57,0.0721172,-0.149492,0
28.58,0.0631294,-0.138361,0
28.59,0.0662753,-0.146119,0
28.6,0.0613638,-0.129466,0
28.61,0.0547255,-0.125781,0
28.62,0.0682291,-0.124524,0
28.63,0.0828904,-0.125075,0
28.64,0.0669836,-0.129506,0
28.65,0.085786,-0.100623,0
28.66,0.110941,-0.0912395,0
28.67,0.110653,-0.105832,0
28.68,0.0949184,-0.158673,0
28.69,0.0823542,-0.111856,0
28.7,0.0841413,-0.115283,0
28.71,0.0800449,-0.13437,0
28.72,0.0917999,-0.153801,0
28.73,0.0851476,-0.164108,0
28.74,0.0948891,-0.173651,0
28.75,0.0782041,-0.194445,0
28.76,0.064697,-0.201836,0
28.77,0.0444067,-0.197009,0
28.78,0.0488277,-0.218181,0
28.79,0.070925,-0.20629,0
28.8,0.0656829,-0.216882,0
28.81,0.0686209,-0.242404,0
28.82,0.0500888,-0.233044,0
28.83,0.042659,-0.227979,0
28.84,0.0492603,-0.223305,0
28.85,0.0516721,-0.191358,0
28.86,0.053955,-0.175721,0
28.87,0.0266072,-0.159056,0
28.88,0.0265257,-0.135737,0
28.89,0.0403557,-0.10637,0
28.9,0.0434331,-0.0946482,0
28.91,0.0597664,-0.107001,0
28.92,0.072896,-0.0931254,0
28.93,0.081407,-0.125145,0
28.94,0.0795619,-0.129658,0
28.95,0.0737391,-0.129734,0
28.96,0.0801707,-0.118368,0
28.97,0.0861975,-0.129108,0
28.98,0.0644123,-0.12765,0
28.99,0.0735181,-0.161322,0
29,0.0877043,-0.15546,0
29.01,0.0931366,-0.157779,0
29.02,0.103936,-0.169789,0
29.03,0.123857,-0.198641,0
29.04,0.124728,-0.211849,0
29.05,0.11785,-0.227945,0
29.06,0.138683,-0.223042,0
29.07,0.136506,-0.228464,0
29.08,0.130715,-0.229674,0
29.09,0.125446,-0.232635,0
29.1,0.132372,-0.243528,0
29.11,0.132701,-0.245518,0
29.12,0.140724,-0.229718,0
29.13,0.132647,-0.222765,0
29.14,0.134926,-0.235879,0
29.15,0.123206,-0.224876,0
29.16,0.122219,-0.226694,0
29.17,0.117552,-0.239714,0
29.18,0.132796,-0.212886,0
29.19,0.117548,-0.179789,0
29.2,0.116831,-0.172678,0
29.21,0.110451,-0.181625,0
29.22,0.128215,-0.189913,0
29.23,0.12303,-0.158328,0
29.24,0.124028,-0.168332,0
29.25,0.111398,-0.165689,0
29.26,0.103343,-0.173054,0
29.27,0.102004,-0.174215,0
29.28,0.0790708,-0.167482,0
29.29,0.0613923,-0.176648,0
29.3,0.0786062,-0.150381,0
29.31,0.0806221,-0.176417,0
29.32,0.0964454,-0.154086,0
29.33,0.0935266,-0.160638,0
29.34,0.0846779,-0.162641,0
29.35,0.0980944,-0.176307,0
29.36,0.112636,-0.167395,0
29.37,0.106549,-0.186511,0
29.38,0.0890153,-0.182587,0
29.39,0.0825394,-0.171212,0
29.4,0.0765325,-0.16271,0
29.41,0.0926023,-0.174405,0
29.42,0.0956746,-0.153773,0
29.43,0.0789137,-0.136633,0
29.44,0.0710497,-0.144309,0
29.45,0.0736097,-0.141774,0
29.46,0.0878049,-0.140991,0
29.47,0.1166,-0.126873,0
29.48,0.127804,-0.127158,0
29.49,0.138215,-0.137221,0
29.5,0.149942,-0.144947,0
29.51,0.133493,-0.134175,0
29.52,0.114126,-0.145838,0
29.53,0.110023,-0.172254,0
29.54,0.098329,-0.18519,0
29.55,0.0854816,-0.18957,0
29.56,0.0792374,-0.177671,0
29.57,0.0578995,-0.19802,0
29.58,0.0711604,-0.205161,0
29.59,0.0818371,-0.180718,0
29.6,0.0799766,-0.161776,0
29.61,0.0782155,-0.16778,0
29.62,0.0864234,-0.155474,0
29.63,0.105908,-0.153814,0
29.64,0.133428,-0.154292,0
29.65,0.133715,-0.137192,0
29.66,0.116348,-0.123279,0
29.67,0.104242,-0.159361,0
29.68,0.102805,-0.128313,0
29.69,0.0994734,-0.138345,0
29.7,0.0865314,-0.145998,0
29.71,0.0900729,-0.137232,0
29.72,0.105251,-0.121322,0
29.73,0.107431,-0.116252,0
29.74,0.121327,-0.111547,0
29.75,0.112555,-0.107158,0
29.76,0.0966678,-0.0933003,0
29.77,0.0860365,-0.10788,0
29.78,0.0957225,-0.0996838,0
29.79,0.0789655,-0.135457,0
29.8,0.0850815,-0.12373,0
29.81,0.108385,-0.118558,0
29.82,0.110403,-0.13913,0
29.83,0.108578,-0.144732,0
29.84,0.0929488,-0.140102,0
29.85,0.0882042,-0.163165,0
29.86,0.0879416,-0.151133,0
29.87,0.0974695,-0.141904,0
29.88,0.117848,-0.141183,0
29.89,0.119164,-0.138832,0
29.9,0.102869,-0.124875,0
29.91,0.103235,-0.107743,0
29.92,0.0879231,-0.105641,0
29.93,0.0737784,-0.127149,0
29.94,0.085978,-0.108179,0
29.95,0.0915817,-0.0745601,0
29.96,0.0869119,-0.0882991,0
29.97,0.0924617,-0.107276,0
29.98,0.105417,-0.12085,0
29.99,0.0900074,-0.119933,0
30,0.0953129,-0.122743,0
